           1   1174.0000000000000     
           2   1167.0000000000000     
           3   1161.0000000000000     
           4   1151.0000000000000     
           5   1145.0000000000000     
           6   1136.0000000000000     
           7   1132.0000000000000     
           8   1128.0000000000000     
           9   1123.0000000000000     
          10   1124.0000000000000     
          11   1123.0000000000000     
          12   1118.0000000000000     
          13   1120.0000000000000     
          14   1116.0000000000000     
          15   1108.0000000000000     
          16   1107.0000000000000     
          17   1106.0000000000000     
          18   1104.0000000000000     
          19   1103.0000000000000     
          20   1105.0000000000000     
          21   1107.0000000000000     
          22   1107.0000000000000     
          23   1100.0000000000000     
          24   1105.0000000000000     
          25   1096.0000000000000     
          26   1093.0000000000000     
          27   1089.0000000000000     
          28   1086.0000000000000     
          29   1086.0000000000000     
          30   1084.0000000000000     
          31   1081.0000000000000     
          32   1064.0000000000000     
          33   1060.0000000000000     
          34   1058.0000000000000     
          35   1050.0000000000000     
          36   1051.0000000000000     
          37   1057.0000000000000     
          38   1057.0000000000000     
          39   1053.0000000000000     
          40   1051.0000000000000     
          41   1050.0000000000000     
          42   1047.0000000000000     
          43   1116.0000000000000     
          44   1118.0000000000000     
          45   1149.0000000000000     
          46   1074.0000000000000     
          47   1072.0000000000000     
          48   1073.0000000000000     
          49   1073.0000000000000     
          50   1068.0000000000000     
          51   1069.0000000000000     
          52   1069.0000000000000     
          53   1069.0000000000000     
          54   1072.0000000000000     
          55   1078.0000000000000     
          56   1075.0000000000000     
          57   1063.0000000000000     
          58   1067.0000000000000     
          59   1069.0000000000000     
          60   1071.0000000000000     
          61   1070.0000000000000     
          62   1072.0000000000000     
          63   1070.0000000000000     
          64   1066.0000000000000     
          65   1067.0000000000000     
          66   1071.0000000000000     
          67   1072.0000000000000     
          68   1071.0000000000000     
          69   1072.0000000000000     
          70   1072.0000000000000     
          71   1074.0000000000000     
          72   1076.0000000000000     
          73   1080.0000000000000     
          74   1082.0000000000000     
          75   1085.0000000000000     
          76   1088.0000000000000     
          77   1090.0000000000000     
          78   1089.0000000000000     
          79   1089.0000000000000     
          80   1091.0000000000000     
          81   1108.0000000000000     
          82   1113.0000000000000     
          83   1106.0000000000000     
          84   1106.0000000000000     
          85   1105.0000000000000     
          86   1109.0000000000000     
          87   1112.0000000000000     
          88   1114.0000000000000     
          89   1124.0000000000000     
          90   1123.0000000000000     
          91   1126.0000000000000     
          92   1124.0000000000000     
          93   826.00000000000000     
          94   832.00000000000000     
          95   776.00000000000000     
          96   774.00000000000000     
          97   692.00000000000000     
          98   693.00000000000000     
          99   683.00000000000000     
         100   685.00000000000000     
         101   685.00000000000000     
         102   686.00000000000000     
         103   686.00000000000000     
         104   686.00000000000000     
         105   685.00000000000000     
         106   685.00000000000000     
         107   684.00000000000000     
         108   684.00000000000000     
         109   683.00000000000000     
         110   685.00000000000000     
         111   685.00000000000000     
         112   685.00000000000000     
         113   685.00000000000000     
         114   686.00000000000000     
         115   686.00000000000000     
         116   692.00000000000000     
         117   693.00000000000000     
         118   695.00000000000000     
         119   696.00000000000000     
         120   696.00000000000000     
         121   697.00000000000000     
         122   697.00000000000000     
         123   729.00000000000000     
         124   732.00000000000000     
         125   731.00000000000000     
         126   731.00000000000000     
         127   724.00000000000000     
         128   724.00000000000000     
         129   725.00000000000000     
         130   729.00000000000000     
         131   732.00000000000000     
         132   732.00000000000000     
         133   702.00000000000000     
         134   702.00000000000000     
         135   701.00000000000000     
         136   704.00000000000000     
         137   703.00000000000000     
         138   707.00000000000000     
         139   708.00000000000000     
         140   708.00000000000000     
         141   707.00000000000000     
         142   707.00000000000000     
         143   709.00000000000000     
         144   709.00000000000000     
         145   709.00000000000000     
         146   711.00000000000000     
         147   712.00000000000000     
         148   715.00000000000000     
         149   716.00000000000000     
         150   719.00000000000000     
         151   719.00000000000000     
         152   719.00000000000000     
         153   720.00000000000000     
         154   721.00000000000000     
         155   721.00000000000000     
         156   721.00000000000000     
         157   721.00000000000000     
         158   721.00000000000000     
         159   722.00000000000000     
         160   722.00000000000000     
         161   724.00000000000000     
         162   724.00000000000000     
         163   726.00000000000000     
         164   722.00000000000000     
         165   722.00000000000000     
         166   719.00000000000000     
         167   719.00000000000000     
         168   720.00000000000000     
         169   718.00000000000000     
         170   718.00000000000000     
         171   719.00000000000000     
         172   750.00000000000000     
         173   752.00000000000000     
         174   754.00000000000000     
         175   753.00000000000000     
         176   754.00000000000000     
         177   756.00000000000000     
         178   756.00000000000000     
         179   759.00000000000000     
         180   709.00000000000000     
         181   708.00000000000000     
         182   708.00000000000000     
         183   707.00000000000000     
         184   708.00000000000000     
         185   708.00000000000000     
         186   708.00000000000000     
         187   709.00000000000000     
         188   709.00000000000000     
         189   711.00000000000000     
         190   711.00000000000000     
         191   711.00000000000000     
         192   712.00000000000000     
         193   711.00000000000000     
         194   711.00000000000000     
         195   711.00000000000000     
         196   711.00000000000000     
         197   711.00000000000000     
         198   712.00000000000000     
         199   712.00000000000000     
         200   709.00000000000000     
         201   711.00000000000000     
         202   712.00000000000000     
         203   712.00000000000000     
         204   711.00000000000000     
         205   712.00000000000000     
         206   714.00000000000000     
         207   715.00000000000000     
         208   714.00000000000000     
         209   714.00000000000000     
         210   715.00000000000000     
         211   716.00000000000000     
         212   716.00000000000000     
         213   716.00000000000000     
         214   714.00000000000000     
         215   714.00000000000000     
         216   712.00000000000000     
         217   712.00000000000000     
         218   711.00000000000000     
         219   710.00000000000000     
         220   710.00000000000000     
         221   709.00000000000000     
         222   730.00000000000000     
         223   729.00000000000000     
         224   728.00000000000000     
         225   727.00000000000000     
         226   727.00000000000000     
         227   726.00000000000000     
         228   725.00000000000000     
         229   723.00000000000000     
         230   725.00000000000000     
         231   724.00000000000000     
         232   724.00000000000000     
         233   725.00000000000000     
         234   726.00000000000000     
         235   728.00000000000000     
         236   730.00000000000000     
         237   730.00000000000000     
         238   727.00000000000000     
         239   727.00000000000000     
         240   728.00000000000000     
         241   726.00000000000000     
         242   703.00000000000000     
         243   702.00000000000000     
         244   702.00000000000000     
         245   701.00000000000000     
         246   702.00000000000000     
         247   703.00000000000000     
         248   702.00000000000000     
         249   703.00000000000000     
         250   704.00000000000000     
         251   703.00000000000000     
         252   704.00000000000000     
         253   705.00000000000000     
         254   706.00000000000000     
         255   706.00000000000000     
         256   706.00000000000000     
         257   707.00000000000000     
         258   707.00000000000000     
         259   707.00000000000000     
         260   707.00000000000000     
         261   707.00000000000000     
         262   707.00000000000000     
         263   707.00000000000000     
         264   708.00000000000000     
         265   708.00000000000000     
         266   708.00000000000000     
         267   707.00000000000000     
         268   707.00000000000000     
         269   706.00000000000000     
         270   708.00000000000000     
         271   708.00000000000000     
         272   708.00000000000000     
         273   708.00000000000000     
         274   708.00000000000000     
         275   709.00000000000000     
         276   709.00000000000000     
         277   709.00000000000000     
         278   807.00000000000000     
         279   807.00000000000000     
         280   809.00000000000000     
         281   809.00000000000000     
         282   809.00000000000000     
         283   810.00000000000000     
         284   810.00000000000000     
         285   809.00000000000000     
         286   810.00000000000000     
         287   729.00000000000000     
         288   729.00000000000000     
         289   728.00000000000000     
         290   728.00000000000000     
         291   728.00000000000000     
         292   728.00000000000000     
         293   728.00000000000000     
         294   728.00000000000000     
         295   729.00000000000000     
         296   729.00000000000000     
         297   733.00000000000000     
         298   733.00000000000000     
         299   733.00000000000000     
         300   733.00000000000000     
         301   734.00000000000000     
         302   736.00000000000000     
         303   736.00000000000000     
         304   737.00000000000000     
         305   737.00000000000000     
         306   738.00000000000000     
         307   738.00000000000000     
         308   740.00000000000000     
         309   740.00000000000000     
         310   740.00000000000000     
         311   740.00000000000000     
         312   740.00000000000000     
         313   740.00000000000000     
         314   739.00000000000000     
         315   819.00000000000000     
         316   819.00000000000000     
         317   819.00000000000000     
         318   819.00000000000000     
         319   819.00000000000000     
         320   819.00000000000000     
         321   819.00000000000000     
         322   819.00000000000000     
         323   819.00000000000000     
         324   819.00000000000000     
         325   819.00000000000000     
         326   817.00000000000000     
         327   817.00000000000000     
         328   818.00000000000000     
         329   819.00000000000000     
         330   818.00000000000000     
         331   818.00000000000000     
         332   818.00000000000000     
         333   818.00000000000000     
         334   818.00000000000000     
         335   818.00000000000000     
         336   818.00000000000000     
         337   818.00000000000000     
         338   818.00000000000000     
         339   819.00000000000000     
         340   820.00000000000000     
         341   820.00000000000000     
         342   820.00000000000000     
         343   819.00000000000000     
         344   819.00000000000000     
         345   819.00000000000000     
         346   819.00000000000000     
         347   818.00000000000000     
         348   819.00000000000000     
         349   819.00000000000000     
         350   819.00000000000000     
         351   820.00000000000000     
         352   819.00000000000000     
         353   818.00000000000000     
         354   818.00000000000000     
         355   818.00000000000000     
         356   818.00000000000000     
         357   817.00000000000000     
         358   816.00000000000000     
         359   815.00000000000000     
         360   815.00000000000000     
         361   815.00000000000000     
         362   815.00000000000000     
         363   815.00000000000000     
         364   816.00000000000000     
         365   816.00000000000000     
         366   817.00000000000000     
         367   817.00000000000000     
         368   816.00000000000000     
         369   816.00000000000000     
         370   816.00000000000000     
         371   816.00000000000000     
         372   816.00000000000000     
         373   816.00000000000000     
         374   817.00000000000000     
         375   817.00000000000000     
         376   817.00000000000000     
         377   817.00000000000000     
         378   817.00000000000000     
         379   816.00000000000000     
         380   816.00000000000000     
         381   816.00000000000000     
         382   816.00000000000000     
         383   816.00000000000000     
         384   816.00000000000000     
         385   816.00000000000000     
         386   816.00000000000000     
         387   816.00000000000000     
         388   816.00000000000000     
         389   816.00000000000000     
         390   816.00000000000000     
         391   816.00000000000000     
         392   816.00000000000000     
         393   816.00000000000000     
         394   816.00000000000000     
         395   816.00000000000000     
         396   816.00000000000000     
         397   816.00000000000000     
         398   816.00000000000000     
         399   816.00000000000000     
         400   816.00000000000000     
