 5.6172E+001   5.4348E+001   5.2995E+001   4.9754E+001   4.4439E+001   3.9762E+001   3.6664E+001   3.1830E+001   3.1933E+001   3.4647E+001   3.7215E+001   4.0051E+001   4.2646E+001   4.5448E+001   4.8215E+001   5.2905E+001   5.7056E+001   5.8101E+001   5.8088E+001   5.6894E+001
 5.3109E+001   5.1514E+001   4.9314E+001   4.4920E+001   3.9039E+001   3.7785E+001   3.2577E+001   2.7614E+001   2.6169E+001   3.4602E+001   3.7324E+001   3.7519E+001   4.0648E+001   4.3842E+001   4.9254E+001   5.1413E+001   5.3680E+001   5.4658E+001   5.4204E+001   5.4293E+001
 4.6946E+001   4.7745E+001   4.3779E+001   3.8379E+001   3.5965E+001   3.0943E+001   2.3424E+001   2.2369E+001   2.1497E+001   2.7480E+001   3.5621E+001   3.3095E+001   3.0377E+001   4.6587E+001   4.9966E+001   5.0582E+001   5.0256E+001   4.8333E+001   4.7645E+001   4.0712E+001
 2.7754E+001   3.5843E+001   3.1119E+001   3.1694E+001   2.8081E+001   2.1863E+001   2.0540E+001   2.0703E+001   2.6769E+001   3.5713E+001   3.6462E+001   3.0863E+001   2.5836E+001   3.3547E+001   4.9436E+001   4.9659E+001   4.5190E+001   3.9697E+001   3.2940E+001   2.5864E+001
 2.2967E+001   2.4102E+001   2.3633E+001   2.3724E+001   2.3619E+001   2.1047E+001   1.8490E+001   2.7214E+001   3.7277E+001   3.9234E+001   4.0998E+001   3.9901E+001   3.5364E+001   4.6153E+001   4.7888E+001   4.7771E+001   4.3374E+001   3.9390E+001   3.0914E+001   2.3672E+001
 2.2335E+001   2.4535E+001   2.2407E+001   2.0102E+001   1.9972E+001   1.6748E+001   1.7529E+001   2.5008E+001   4.1085E+001   4.4087E+001   4.5054E+001   4.5038E+001   4.9601E+001   5.0217E+001   5.0077E+001   4.9841E+001   4.6429E+001   4.2477E+001   2.8770E+001   2.2198E+001
 2.5246E+001   2.7879E+001   2.6640E+001   1.8356E+001   1.7593E+001   1.6372E+001   1.8833E+001   4.3405E+001   4.7266E+001   4.8367E+001   4.8951E+001   5.0509E+001   5.3695E+001   5.4434E+001   5.3894E+001   5.3946E+001   5.1380E+001   4.8901E+001   3.2105E+001   2.3524E+001
 3.4027E+001   3.4788E+001   3.7718E+001   2.9262E+001   2.0573E+001   1.9412E+001   3.4486E+001   4.7830E+001   5.0892E+001   5.1179E+001   5.1195E+001   5.3221E+001   5.6126E+001   5.6307E+001   5.7033E+001   5.7128E+001   5.5510E+001   5.4037E+001   4.7371E+001   3.1028E+001
 4.5518E+001   4.1867E+001   4.3872E+001   4.5497E+001   3.8908E+001   4.3766E+001   4.6161E+001   5.1186E+001   5.2364E+001   5.2342E+001   5.2699E+001   5.7391E+001   5.9303E+001   5.9250E+001   5.9679E+001   5.9842E+001   5.9155E+001   5.8703E+001   5.5174E+001   4.5708E+001
 5.4316E+001   5.0167E+001   5.0051E+001   5.2093E+001   5.4649E+001   5.4833E+001   5.3845E+001   5.3337E+001   5.3398E+001   5.3813E+001   5.7331E+001   6.1064E+001   6.2363E+001   6.3130E+001   6.3323E+001   6.2952E+001   6.3513E+001   6.3986E+001   6.2800E+001   5.9086E+001
 6.1857E+001   5.7370E+001   5.6515E+001   5.7789E+001   5.8879E+001   5.7985E+001   5.6275E+001   5.5186E+001   5.6089E+001   5.6796E+001   5.8107E+001   6.1308E+001   6.3970E+001   6.5314E+001   6.6207E+001   6.7841E+001   6.7373E+001   6.7258E+001   6.6707E+001   6.5338E+001
 6.7357E+001   6.3411E+001   6.2449E+001   6.2816E+001   6.2658E+001   6.1730E+001   6.0075E+001   5.9810E+001   6.0410E+001   5.9609E+001   5.8962E+001   6.0624E+001   6.2869E+001   6.5178E+001   6.8172E+001   7.0597E+001   7.1419E+001   7.2191E+001   6.9537E+001   6.8044E+001
 7.1657E+001   7.2978E+001   6.8852E+001   6.7563E+001   6.5757E+001   6.5046E+001   6.4202E+001   6.3374E+001   6.2583E+001   6.1194E+001   5.9711E+001   5.9739E+001   6.1257E+001   6.3986E+001   6.6486E+001   6.9441E+001   7.5009E+001   7.7942E+001   7.4505E+001   7.1287E+001
 7.7581E+001   8.0223E+001   7.5458E+001   7.2261E+001   6.9796E+001   6.7774E+001   6.7156E+001   6.5646E+001   6.3259E+001   6.0315E+001   5.8808E+001   5.8416E+001   5.9660E+001   6.2902E+001   6.5314E+001   6.8382E+001   7.0279E+001   7.5427E+001   7.4717E+001   7.4660E+001
 8.3687E+001   8.5162E+001   8.4746E+001   7.5958E+001   7.2804E+001   7.0523E+001   6.9265E+001   6.7949E+001   6.2473E+001   5.8922E+001   5.6774E+001   5.5398E+001   5.6707E+001   6.0743E+001   6.4756E+001   6.7416E+001   6.9756E+001   7.1710E+001   7.4601E+001   7.8055E+001
 8.5712E+001   9.0644E+001   9.8219E+001   8.5107E+001   7.5246E+001   7.1158E+001   6.1512E+001   5.4518E+001   5.8062E+001   5.3752E+001   5.2515E+001   5.2748E+001   5.4455E+001   5.9124E+001   6.3275E+001   6.5934E+001   6.7820E+001   7.0413E+001   7.4052E+001   8.0244E+001
 8.5149E+001   9.7281E+001   1.1116E+002   9.7579E+001   6.9492E+001   5.2559E+001   3.6769E+001   3.3925E+001   4.6289E+001   4.5457E+001   4.8339E+001   5.0239E+001   5.3270E+001   5.6449E+001   6.0049E+001   6.4301E+001   6.6047E+001   6.8293E+001   7.1127E+001   7.6807E+001
 7.3784E+001   8.9800E+001   1.0623E+002   9.1399E+001   5.5491E+001   4.1022E+001   3.5974E+001   3.3023E+001   3.7593E+001   4.1940E+001   4.3888E+001   4.7313E+001   4.9927E+001   5.3264E+001   5.6386E+001   6.1028E+001   6.4103E+001   6.5868E+001   6.7818E+001   6.9572E+001
 6.5450E+001   6.8057E+001   8.1548E+001   6.3573E+001   4.8793E+001   4.0777E+001   3.5061E+001   3.1588E+001   3.5045E+001   3.9183E+001   4.1716E+001   4.4590E+001   4.7305E+001   5.0045E+001   5.3057E+001   5.6528E+001   6.1469E+001   6.2902E+001   6.4474E+001   6.5216E+001
 6.0723E+001   6.0196E+001   5.9227E+001   5.6205E+001   4.6719E+001   4.0044E+001   3.4907E+001   3.1451E+001   3.2685E+001   3.6096E+001   3.8847E+001   4.2524E+001   4.4998E+001   4.7611E+001   5.0724E+001   5.4407E+001   5.8192E+001   6.0370E+001   6.1165E+001   6.0827E+001
