 4.9000E+001   4.9000E+001   4.9000E+001   4.9000E+001   4.9000E+001   4.9000E+001   4.9000E+001   4.9000E+001   4.9000E+001   5.7000E+001
 4.9000E+001   5.7000E+001   4.9000E+001   4.9000E+001   4.9000E+001   4.9000E+001   4.9000E+001   4.9000E+001   4.9000E+001   5.7000E+001
 5.7000E+001   5.7000E+001   5.7000E+001   4.9000E+001   4.9000E+001   4.9000E+001   5.7000E+001   5.7000E+001   5.7000E+001   5.7000E+001
 4.9000E+001   5.7000E+001   0.0000E+000   4.9000E+001   5.7000E+001   4.9000E+001   5.7000E+001   5.7000E+001   4.9000E+001   4.9000E+001
 5.7000E+001   4.9000E+001   4.9000E+001   4.9000E+001   4.9000E+001   5.7000E+001   4.9000E+001   5.7000E+001   4.9000E+001   4.9000E+001
 4.9000E+001   5.7000E+001   4.9000E+001   5.7000E+001   4.9000E+001   4.9000E+001   4.9000E+001   4.9000E+001   4.9000E+001   5.7000E+001
 4.9000E+001   4.9000E+001   4.9000E+001   5.7000E+001   4.9000E+001   4.9000E+001   4.9000E+001   4.9000E+001   4.9000E+001   4.9000E+001
 4.9000E+001   4.9000E+001   4.9000E+001   4.9000E+001   4.9000E+001   4.9000E+001   4.2000E+001   4.2000E+001   4.9000E+001   4.9000E+001
 4.9000E+001   4.9000E+001   4.9000E+001   4.9000E+001   4.9000E+001   4.9000E+001   4.9000E+001   4.9000E+001   4.2000E+001   4.2000E+001
 4.9000E+001   4.9000E+001   4.9000E+001   4.9000E+001   4.9000E+001   4.9000E+001   4.9000E+001   4.9000E+001   4.9000E+001   4.9000E+001
