 5.4000E+001   0.0000E+000   5.7000E+001   4.4000E+001   4.4000E+001   4.4000E+001   0.0000E+000   4.9000E+001   5.4000E+001   5.4000E+001   4.9000E+001   5.7000E+001   5.7000E+001   5.7000E+001   6.5000E+001   5.4000E+001   5.4000E+001   5.4000E+001   5.4000E+001   5.4000E+001   5.4000E+001   0.0000E+000   6.0000E+000   6.0000E+000   5.4000E+001   5.7000E+001   5.7000E+001   0.0000E+000   5.4000E+001   0.0000E+000   0.0000E+000   0.0000E+000   5.4000E+001   0.0000E+000   4.9000E+001   0.0000E+000   5.7000E+001   5.7000E+001   5.4000E+001   5.4000E+001
 4.9000E+001   0.0000E+000   0.0000E+000   4.4000E+001   4.4000E+001   6.5000E+001   6.5000E+001   4.9000E+001   5.7000E+001   5.4000E+001   0.0000E+000   0.0000E+000   5.7000E+001   5.7000E+001   5.7000E+001   6.5000E+001   5.4000E+001   0.0000E+000   4.9000E+001   0.0000E+000   0.0000E+000   5.7000E+001   0.0000E+000   6.0000E+000   0.0000E+000   5.4000E+001   0.0000E+000   5.4000E+001   5.4000E+001   5.4000E+001   5.7000E+001   5.4000E+001   5.4000E+001   4.9000E+001   4.9000E+001   4.9000E+001   0.0000E+000   5.7000E+001   0.0000E+000   5.4000E+001
 4.9000E+001   4.9000E+001   4.4000E+001   4.4000E+001   4.4000E+001   6.5000E+001   6.5000E+001   4.9000E+001   4.9000E+001   5.7000E+001   5.7000E+001   5.7000E+001   5.7000E+001   5.7000E+001   0.0000E+000   6.5000E+001   5.7000E+001   4.9000E+001   4.9000E+001   4.9000E+001   5.7000E+001   5.7000E+001   5.7000E+001   0.0000E+000   5.4000E+001   5.4000E+001   5.4000E+001   5.7000E+001   5.4000E+001   5.7000E+001   5.7000E+001   5.7000E+001   5.4000E+001   4.9000E+001   4.9000E+001   0.0000E+000   0.0000E+000   0.0000E+000   0.0000E+000   4.9000E+001
 4.9000E+001   6.5000E+001   6.5000E+001   4.4000E+001   5.7000E+001   5.7000E+001   6.5000E+001   6.5000E+001   0.0000E+000   4.9000E+001   0.0000E+000   0.0000E+000   5.7000E+001   0.0000E+000   0.0000E+000   5.7000E+001   5.7000E+001   5.7000E+001   4.9000E+001   5.7000E+001   0.0000E+000   4.4000E+001   0.0000E+000   4.9000E+001   0.0000E+000   5.4000E+001   0.0000E+000   5.7000E+001   5.7000E+001   5.7000E+001   5.7000E+001   0.0000E+000   4.9000E+001   4.9000E+001   4.9000E+001   0.0000E+000   5.7000E+001   0.0000E+000   0.0000E+000   6.5000E+001
 6.5000E+001   0.0000E+000   6.5000E+001   0.0000E+000   5.7000E+001   5.7000E+001   5.7000E+001   0.0000E+000   4.9000E+001   4.9000E+001   4.9000E+001   5.7000E+001   5.7000E+001   5.7000E+001   5.7000E+001   5.7000E+001   5.7000E+001   0.0000E+000   5.7000E+001   5.7000E+001   4.4000E+001   4.4000E+001   4.4000E+001   4.9000E+001   5.7000E+001   0.0000E+000   0.0000E+000   0.0000E+000   5.7000E+001   0.0000E+000   0.0000E+000   0.0000E+000   5.7000E+001   4.9000E+001   0.0000E+000   5.7000E+001   5.7000E+001   5.7000E+001   6.5000E+001   6.5000E+001
 6.5000E+001   6.5000E+001   0.0000E+000   4.9000E+001   5.4000E+001   5.7000E+001   0.0000E+000   5.4000E+001   5.4000E+001   4.9000E+001   0.0000E+000   0.0000E+000   5.7000E+001   5.7000E+001   5.7000E+001   5.7000E+001   0.0000E+000   5.7000E+001   5.7000E+001   5.7000E+001   0.0000E+000   4.4000E+001   0.0000E+000   5.7000E+001   5.7000E+001   5.7000E+001   5.7000E+001   0.0000E+000   0.0000E+000   0.0000E+000   0.0000E+000   5.7000E+001   5.7000E+001   5.7000E+001   5.7000E+001   5.7000E+001   5.7000E+001   0.0000E+000   4.9000E+001   6.5000E+001
 6.5000E+001   0.0000E+000   4.9000E+001   4.9000E+001   4.9000E+001   5.7000E+001   5.7000E+001   0.0000E+000   5.4000E+001   0.0000E+000   0.0000E+000   0.0000E+000   5.4000E+001   0.0000E+000   5.7000E+001   0.0000E+000   5.7000E+001   5.7000E+001   5.7000E+001   4.9000E+001   4.9000E+001   5.7000E+001   5.7000E+001   4.9000E+001   5.7000E+001   5.7000E+001   5.7000E+001   5.7000E+001   4.4000E+001   0.0000E+000   0.0000E+000   5.7000E+001   5.7000E+001   5.4000E+001   5.4000E+001   5.7000E+001   0.0000E+000   4.9000E+001   4.9000E+001   4.9000E+001
 0.0000E+000   4.9000E+001   4.9000E+001   4.9000E+001   5.7000E+001   5.7000E+001   0.0000E+000   0.0000E+000   5.7000E+001   0.0000E+000   4.9000E+001   5.4000E+001   5.4000E+001   5.7000E+001   5.7000E+001   4.9000E+001   0.0000E+000   5.7000E+001   0.0000E+000   4.9000E+001   4.9000E+001   4.9000E+001   4.9000E+001   4.9000E+001   4.9000E+001   0.0000E+000   5.7000E+001   4.4000E+001   4.4000E+001   4.4000E+001   5.7000E+001   5.7000E+001   5.7000E+001   5.4000E+001   0.0000E+000   0.0000E+000   0.0000E+000   5.4000E+001   4.9000E+001   6.5000E+001
 6.5000E+001   5.4000E+001   4.9000E+001   5.7000E+001   5.7000E+001   5.7000E+001   0.0000E+000   5.7000E+001   5.7000E+001   4.9000E+001   4.9000E+001   4.9000E+001   5.4000E+001   0.0000E+000   4.9000E+001   4.9000E+001   4.9000E+001   4.4000E+001   5.7000E+001   5.4000E+001   4.9000E+001   5.4000E+001   5.4000E+001   4.9000E+001   4.9000E+001   4.9000E+001   0.0000E+000   0.0000E+000   4.4000E+001   0.0000E+000   0.0000E+000   5.7000E+001   6.5000E+001   6.5000E+001   0.0000E+000   0.0000E+000   5.4000E+001   5.4000E+001   5.4000E+001   6.5000E+001
 5.4000E+001   5.4000E+001   5.4000E+001   4.9000E+001   5.7000E+001   5.7000E+001   5.7000E+001   0.0000E+000   5.7000E+001   0.0000E+000   4.9000E+001   5.7000E+001   5.7000E+001   5.7000E+001   5.7000E+001   4.9000E+001   4.9000E+001   5.7000E+001   5.7000E+001   4.9000E+001   0.0000E+000   5.4000E+001   5.7000E+001   0.0000E+000   4.9000E+001   0.0000E+000   0.0000E+000   0.0000E+000   5.7000E+001   0.0000E+000   0.0000E+000   0.0000E+000   6.5000E+001   0.0000E+000   0.0000E+000   0.0000E+000   0.0000E+000   5.4000E+001   0.0000E+000   6.5000E+001
 5.4000E+001   5.4000E+001   4.9000E+001   4.9000E+001   4.9000E+001   5.7000E+001   6.0000E+000   0.0000E+000   4.9000E+001   0.0000E+000   4.9000E+001   5.7000E+001   5.7000E+001   5.7000E+001   5.7000E+001   4.9000E+001   4.9000E+001   4.9000E+001   4.9000E+001   4.9000E+001   4.9000E+001   5.7000E+001   5.7000E+001   5.7000E+001   0.0000E+000   0.0000E+000   5.7000E+001   5.7000E+001   5.7000E+001   5.7000E+001   0.0000E+000   0.0000E+000   5.7000E+001   0.0000E+000   0.0000E+000   5.7000E+001   4.9000E+001   4.9000E+001   4.9000E+001   5.4000E+001
 5.7000E+001   5.7000E+001   5.7000E+001   4.9000E+001   4.9000E+001   4.9000E+001   6.0000E+000   6.0000E+000   4.9000E+001   5.7000E+001   4.9000E+001   4.4000E+001   5.7000E+001   5.7000E+001   5.7000E+001   5.7000E+001   4.9000E+001   5.4000E+001   5.4000E+001   4.9000E+001   0.0000E+000   0.0000E+000   5.7000E+001   5.7000E+001   0.0000E+000   5.7000E+001   5.7000E+001   5.7000E+001   5.7000E+001   0.0000E+000   0.0000E+000   5.7000E+001   5.7000E+001   5.7000E+001   5.4000E+001   5.7000E+001   5.7000E+001   4.9000E+001   5.7000E+001   5.7000E+001
 5.7000E+001   5.7000E+001   0.0000E+000   5.7000E+001   4.9000E+001   4.9000E+001   4.9000E+001   6.5000E+001   5.7000E+001   5.7000E+001   4.4000E+001   4.4000E+001   4.4000E+001   5.4000E+001   5.4000E+001   5.7000E+001   0.0000E+000   5.4000E+001   4.9000E+001   6.5000E+001   6.5000E+001   4.9000E+001   5.7000E+001   5.7000E+001   5.4000E+001   5.4000E+001   5.7000E+001   5.7000E+001   5.7000E+001   5.7000E+001   5.7000E+001   5.7000E+001   4.9000E+001   5.4000E+001   5.4000E+001   5.4000E+001   5.7000E+001   5.7000E+001   5.7000E+001   5.7000E+001
 5.7000E+001   5.7000E+001   5.7000E+001   5.7000E+001   5.7000E+001   4.9000E+001   6.5000E+001   6.5000E+001   6.5000E+001   5.7000E+001   6.5000E+001   4.4000E+001   6.5000E+001   0.0000E+000   5.7000E+001   5.7000E+001   5.7000E+001   4.9000E+001   4.9000E+001   4.9000E+001   4.9000E+001   4.9000E+001   4.9000E+001   5.4000E+001   5.4000E+001   5.4000E+001   0.0000E+000   4.9000E+001   5.7000E+001   5.7000E+001   0.0000E+000   4.9000E+001   4.9000E+001   4.9000E+001   5.4000E+001   0.0000E+000   4.4000E+001   5.7000E+001   0.0000E+000   5.7000E+001
 6.5000E+001   5.7000E+001   5.7000E+001   5.7000E+001   5.4000E+001   5.4000E+001   5.4000E+001   6.5000E+001   5.7000E+001   5.7000E+001   4.9000E+001   6.5000E+001   6.5000E+001   6.5000E+001   0.0000E+000   5.7000E+001   0.0000E+000   5.7000E+001   4.9000E+001   0.0000E+000   5.7000E+001   4.9000E+001   6.5000E+001   6.5000E+001   5.4000E+001   5.4000E+001   5.4000E+001   4.9000E+001   4.9000E+001   5.7000E+001   5.7000E+001   5.7000E+001   4.9000E+001   0.0000E+000   0.0000E+000   4.4000E+001   4.4000E+001   4.4000E+001   5.7000E+001   5.7000E+001
 6.5000E+001   6.5000E+001   0.0000E+000   0.0000E+000   0.0000E+000   5.4000E+001   0.0000E+000   0.0000E+000   0.0000E+000   4.9000E+001   4.9000E+001   4.9000E+001   6.5000E+001   0.0000E+000   0.0000E+000   0.0000E+000   5.7000E+001   5.7000E+001   5.7000E+001   5.7000E+001   5.7000E+001   5.7000E+001   6.5000E+001   5.7000E+001   0.0000E+000   5.4000E+001   0.0000E+000   4.9000E+001   0.0000E+000   5.4000E+001   0.0000E+000   5.7000E+001   0.0000E+000   5.7000E+001   5.7000E+001   5.7000E+001   4.4000E+001   4.9000E+001   0.0000E+000   6.5000E+001
 6.5000E+001   0.0000E+000   4.9000E+001   0.0000E+000   0.0000E+000   0.0000E+000   5.7000E+001   0.0000E+000   4.4000E+001   4.4000E+001   4.9000E+001   0.0000E+000   5.7000E+001   0.0000E+000   0.0000E+000   0.0000E+000   0.0000E+000   5.7000E+001   5.7000E+001   5.7000E+001   5.7000E+001   0.0000E+000   4.4000E+001   5.7000E+001   5.7000E+001   0.0000E+000   0.0000E+000   4.9000E+001   5.4000E+001   5.4000E+001   5.4000E+001   5.4000E+001   5.7000E+001   5.7000E+001   5.7000E+001   5.7000E+001   4.9000E+001   4.9000E+001   4.9000E+001   0.0000E+000
 0.0000E+000   5.4000E+001   4.9000E+001   4.4000E+001   0.0000E+000   5.7000E+001   5.7000E+001   5.7000E+001   5.7000E+001   4.4000E+001   4.9000E+001   5.7000E+001   5.7000E+001   5.7000E+001   0.0000E+000   0.0000E+000   0.0000E+000   4.9000E+001   5.7000E+001   0.0000E+000   0.0000E+000   4.9000E+001   4.4000E+001   4.4000E+001   5.7000E+001   0.0000E+000   4.9000E+001   4.9000E+001   4.9000E+001   5.4000E+001   5.4000E+001   5.4000E+001   4.4000E+001   5.7000E+001   0.0000E+000   0.0000E+000   0.0000E+000   4.9000E+001   0.0000E+000   6.5000E+001
 5.4000E+001   5.4000E+001   4.4000E+001   4.4000E+001   4.4000E+001   5.4000E+001   5.7000E+001   5.7000E+001   5.7000E+001   4.9000E+001   4.9000E+001   4.9000E+001   5.7000E+001   0.0000E+000   0.0000E+000   0.0000E+000   4.9000E+001   4.9000E+001   4.9000E+001   0.0000E+000   4.9000E+001   4.9000E+001   4.9000E+001   5.7000E+001   5.7000E+001   5.7000E+001   0.0000E+000   4.9000E+001   5.7000E+001   5.7000E+001   5.7000E+001   4.4000E+001   4.4000E+001   4.4000E+001   0.0000E+000   0.0000E+000   4.4000E+001   0.0000E+000   6.5000E+001   6.5000E+001
 0.0000E+000   5.4000E+001   0.0000E+000   4.4000E+001   5.4000E+001   5.4000E+001   5.4000E+001   4.9000E+001   5.7000E+001   6.5000E+001   4.9000E+001   5.7000E+001   5.7000E+001   5.7000E+001   0.0000E+000   0.0000E+000   0.0000E+000   4.9000E+001   0.0000E+000   4.9000E+001   0.0000E+000   4.9000E+001   0.0000E+000   5.7000E+001   5.7000E+001   4.9000E+001   0.0000E+000   0.0000E+000   5.4000E+001   5.7000E+001   5.7000E+001   4.9000E+001   4.4000E+001   4.4000E+001   0.0000E+000   4.4000E+001   4.4000E+001   4.4000E+001   0.0000E+000   6.5000E+001
 5.4000E+001   5.4000E+001   5.4000E+001   0.0000E+000   0.0000E+000   5.4000E+001   5.7000E+001   5.7000E+001   5.7000E+001   5.7000E+001   0.0000E+000   5.4000E+001   5.7000E+001   0.0000E+000   6.5000E+001   0.0000E+000   0.0000E+000   0.0000E+000   5.4000E+001   4.9000E+001   5.4000E+001   5.4000E+001   5.4000E+001   5.7000E+001   4.9000E+001   4.9000E+001   4.9000E+001   5.4000E+001   5.4000E+001   5.4000E+001   4.9000E+001   4.9000E+001   4.4000E+001   4.4000E+001   4.4000E+001   5.4000E+001   4.4000E+001   0.0000E+000   0.0000E+000   6.5000E+001
 6.5000E+001   5.4000E+001   0.0000E+000   5.7000E+001   4.9000E+001   4.9000E+001   4.9000E+001   0.0000E+000   5.7000E+001   0.0000E+000   5.4000E+001   5.4000E+001   5.4000E+001   6.5000E+001   6.5000E+001   6.5000E+001   0.0000E+000   5.4000E+001   5.4000E+001   5.4000E+001   5.4000E+001   5.4000E+001   6.5000E+001   5.7000E+001   6.5000E+001   4.9000E+001   6.5000E+001   6.5000E+001   5.4000E+001   0.0000E+000   5.4000E+001   4.9000E+001   5.4000E+001   4.4000E+001   0.0000E+000   5.7000E+001   5.7000E+001   5.7000E+001   6.5000E+001   6.5000E+001
 4.4000E+001   0.0000E+000   5.7000E+001   5.7000E+001   5.7000E+001   4.9000E+001   5.7000E+001   5.7000E+001   0.0000E+000   0.0000E+000   0.0000E+000   5.4000E+001   0.0000E+000   0.0000E+000   6.5000E+001   0.0000E+000   6.5000E+001   5.7000E+001   5.4000E+001   6.5000E+001   5.4000E+001   4.9000E+001   6.5000E+001   5.7000E+001   6.5000E+001   6.5000E+001   0.0000E+000   6.5000E+001   6.5000E+001   5.4000E+001   5.4000E+001   5.4000E+001   5.4000E+001   0.0000E+000   6.5000E+001   0.0000E+000   5.7000E+001   4.9000E+001   0.0000E+000   6.5000E+001
 4.4000E+001   6.5000E+001   0.0000E+000   5.7000E+001   5.4000E+001   5.4000E+001   5.4000E+001   5.4000E+001   0.0000E+000   6.0000E+000   0.0000E+000   0.0000E+000   0.0000E+000   5.7000E+001   0.0000E+000   6.5000E+001   6.5000E+001   6.5000E+001   0.0000E+000   6.5000E+001   4.9000E+001   4.9000E+001   4.9000E+001   5.7000E+001   5.7000E+001   0.0000E+000   5.4000E+001   6.5000E+001   6.5000E+001   6.5000E+001   5.4000E+001   4.9000E+001   0.0000E+000   6.5000E+001   6.5000E+001   6.5000E+001   4.9000E+001   4.9000E+001   4.9000E+001   5.4000E+001
 6.5000E+001   6.5000E+001   5.7000E+001   5.7000E+001   5.7000E+001   5.4000E+001   5.4000E+001   5.4000E+001   5.4000E+001   6.0000E+000   6.0000E+000   0.0000E+000   5.7000E+001   5.7000E+001   6.5000E+001   6.5000E+001   6.5000E+001   5.4000E+001   0.0000E+000   6.5000E+001   0.0000E+000   4.9000E+001   5.7000E+001   5.7000E+001   5.7000E+001   5.4000E+001   5.4000E+001   5.4000E+001   6.5000E+001   5.7000E+001   4.9000E+001   4.9000E+001   4.9000E+001   5.7000E+001   6.5000E+001   0.0000E+000   4.4000E+001   4.9000E+001   5.4000E+001   5.4000E+001
 0.0000E+000   6.5000E+001   5.7000E+001   5.7000E+001   0.0000E+000   0.0000E+000   0.0000E+000   5.4000E+001   5.4000E+001   5.4000E+001   5.7000E+001   5.7000E+001   0.0000E+000   5.7000E+001   0.0000E+000   6.5000E+001   5.4000E+001   5.4000E+001   5.4000E+001   6.5000E+001   6.5000E+001   5.7000E+001   5.7000E+001   5.7000E+001   5.7000E+001   5.7000E+001   5.4000E+001   0.0000E+000   5.7000E+001   5.7000E+001   5.7000E+001   4.9000E+001   5.7000E+001   5.7000E+001   5.7000E+001   4.4000E+001   4.4000E+001   4.4000E+001   5.4000E+001   5.4000E+001
 0.0000E+000   0.0000E+000   5.7000E+001   0.0000E+000   0.0000E+000   0.0000E+000   5.7000E+001   0.0000E+000   5.4000E+001   0.0000E+000   4.9000E+001   5.4000E+001   4.4000E+001   0.0000E+000   0.0000E+000   0.0000E+000   0.0000E+000   5.4000E+001   0.0000E+000   5.7000E+001   0.0000E+000   4.9000E+001   5.7000E+001   4.9000E+001   5.7000E+001   5.4000E+001   5.4000E+001   5.4000E+001   6.5000E+001   5.7000E+001   0.0000E+000   0.0000E+000   0.0000E+000   5.7000E+001   5.7000E+001   5.7000E+001   4.4000E+001   5.4000E+001   5.4000E+001   4.4000E+001
 4.4000E+001   0.0000E+000   0.0000E+000   0.0000E+000   5.7000E+001   5.7000E+001   5.7000E+001   5.7000E+001   0.0000E+000   4.9000E+001   4.9000E+001   4.4000E+001   4.4000E+001   4.4000E+001   5.7000E+001   0.0000E+000   5.7000E+001   5.7000E+001   5.7000E+001   5.7000E+001   4.9000E+001   4.9000E+001   4.9000E+001   4.9000E+001   4.9000E+001   4.9000E+001   5.4000E+001   6.5000E+001   6.5000E+001   6.5000E+001   0.0000E+000   0.0000E+000   5.4000E+001   4.9000E+001   4.9000E+001   5.7000E+001   0.0000E+000   4.9000E+001   4.4000E+001   4.4000E+001
 5.7000E+001   0.0000E+000   0.0000E+000   5.7000E+001   5.7000E+001   5.7000E+001   5.7000E+001   0.0000E+000   0.0000E+000   0.0000E+000   4.9000E+001   5.7000E+001   4.4000E+001   5.7000E+001   5.7000E+001   5.7000E+001   0.0000E+000   5.4000E+001   0.0000E+000   5.7000E+001   0.0000E+000   4.9000E+001   0.0000E+000   4.9000E+001   4.9000E+001   4.9000E+001   4.9000E+001   5.7000E+001   6.5000E+001   4.4000E+001   0.0000E+000   5.4000E+001   5.4000E+001   5.4000E+001   5.7000E+001   5.7000E+001   4.9000E+001   4.9000E+001   4.9000E+001   4.4000E+001
 5.7000E+001   5.7000E+001   0.0000E+000   0.0000E+000   5.7000E+001   5.4000E+001   5.4000E+001   0.0000E+000   5.4000E+001   0.0000E+000   5.7000E+001   5.7000E+001   5.7000E+001   5.7000E+001   5.7000E+001   5.7000E+001   5.4000E+001   5.4000E+001   5.4000E+001   0.0000E+000   5.7000E+001   0.0000E+000   4.4000E+001   4.9000E+001   4.9000E+001   4.9000E+001   5.7000E+001   5.7000E+001   4.4000E+001   4.4000E+001   4.4000E+001   4.9000E+001   5.4000E+001   5.4000E+001   5.4000E+001   5.7000E+001   0.0000E+000   4.9000E+001   0.0000E+000   5.7000E+001
 5.7000E+001   0.0000E+000   0.0000E+000   0.0000E+000   0.0000E+000   5.4000E+001   6.5000E+001   5.4000E+001   5.4000E+001   5.7000E+001   0.0000E+000   5.7000E+001   4.9000E+001   5.7000E+001   0.0000E+000   4.4000E+001   0.0000E+000   5.4000E+001   5.7000E+001   5.7000E+001   5.7000E+001   4.4000E+001   4.4000E+001   4.4000E+001   4.9000E+001   4.9000E+001   4.4000E+001   5.7000E+001   0.0000E+000   4.4000E+001   4.9000E+001   4.9000E+001   4.9000E+001   5.4000E+001   5.7000E+001   5.7000E+001   4.9000E+001   4.9000E+001   4.9000E+001   5.7000E+001
 0.0000E+000   5.4000E+001   0.0000E+000   5.4000E+001   0.0000E+000   0.0000E+000   6.5000E+001   0.0000E+000   5.7000E+001   5.7000E+001   5.7000E+001   4.9000E+001   4.9000E+001   4.9000E+001   4.4000E+001   4.4000E+001   4.4000E+001   0.0000E+000   5.7000E+001   0.0000E+000   5.7000E+001   5.4000E+001   4.4000E+001   5.4000E+001   5.4000E+001   4.4000E+001   4.4000E+001   4.4000E+001   0.0000E+000   0.0000E+000   0.0000E+000   4.9000E+001   0.0000E+000   0.0000E+000   5.7000E+001   5.7000E+001   5.7000E+001   4.9000E+001   4.9000E+001   4.9000E+001
 5.7000E+001   5.4000E+001   5.4000E+001   5.4000E+001   5.4000E+001   6.5000E+001   5.4000E+001   5.7000E+001   5.7000E+001   5.7000E+001   5.4000E+001   5.4000E+001   4.9000E+001   4.4000E+001   4.4000E+001   4.4000E+001   5.7000E+001   5.7000E+001   0.0000E+000   0.0000E+000   5.4000E+001   5.4000E+001   0.0000E+000   0.0000E+000   5.7000E+001   5.7000E+001   4.4000E+001   0.0000E+000   0.0000E+000   0.0000E+000   5.4000E+001   0.0000E+000   0.0000E+000   0.0000E+000   4.9000E+001   0.0000E+000   5.7000E+001   0.0000E+000   4.9000E+001   0.0000E+000
 5.7000E+001   5.7000E+001   0.0000E+000   5.4000E+001   6.5000E+001   6.5000E+001   6.5000E+001   0.0000E+000   5.7000E+001   5.7000E+001   5.4000E+001   5.4000E+001   5.7000E+001   5.7000E+001   4.4000E+001   0.0000E+000   5.7000E+001   0.0000E+000   0.0000E+000   5.4000E+001   5.4000E+001   5.4000E+001   0.0000E+000   6.5000E+001   6.5000E+001   5.7000E+001   0.0000E+000   5.4000E+001   0.0000E+000   5.4000E+001   5.4000E+001   5.4000E+001   0.0000E+000   4.9000E+001   4.9000E+001   4.9000E+001   4.9000E+001   4.9000E+001   4.9000E+001   4.9000E+001
 4.9000E+001   0.0000E+000   5.4000E+001   0.0000E+000   5.7000E+001   6.5000E+001   5.7000E+001   0.0000E+000   5.7000E+001   5.7000E+001   4.9000E+001   4.9000E+001   4.4000E+001   5.7000E+001   4.9000E+001   0.0000E+000   4.9000E+001   0.0000E+000   0.0000E+000   4.9000E+001   5.4000E+001   0.0000E+000   5.4000E+001   5.4000E+001   6.5000E+001   0.0000E+000   5.4000E+001   5.4000E+001   5.4000E+001   0.0000E+000   5.4000E+001   4.9000E+001   4.9000E+001   4.9000E+001   4.9000E+001   4.9000E+001   4.9000E+001   4.9000E+001   4.9000E+001   4.9000E+001
 0.0000E+000   5.4000E+001   5.4000E+001   5.4000E+001   5.7000E+001   5.7000E+001   5.7000E+001   5.7000E+001   4.9000E+001   6.0000E+000   0.0000E+000   4.4000E+001   4.4000E+001   4.4000E+001   4.9000E+001   4.9000E+001   4.9000E+001   4.9000E+001   4.9000E+001   4.9000E+001   4.9000E+001   0.0000E+000   5.7000E+001   5.4000E+001   0.0000E+000   0.0000E+000   0.0000E+000   5.4000E+001   0.0000E+000   0.0000E+000   4.9000E+001   4.9000E+001   4.9000E+001   4.9000E+001   5.7000E+001   0.0000E+000   4.9000E+001   6.5000E+001   0.0000E+000   4.9000E+001
 5.7000E+001   6.5000E+001   5.7000E+001   0.0000E+000   5.7000E+001   5.4000E+001   5.7000E+001   0.0000E+000   6.0000E+000   6.0000E+000   5.7000E+001   5.7000E+001   4.4000E+001   5.4000E+001   5.7000E+001   5.7000E+001   4.9000E+001   0.0000E+000   0.0000E+000   4.9000E+001   0.0000E+000   5.7000E+001   5.7000E+001   5.7000E+001   0.0000E+000   0.0000E+000   4.9000E+001   4.9000E+001   4.9000E+001   5.4000E+001   5.4000E+001   4.9000E+001   5.4000E+001   5.4000E+001   5.7000E+001   5.7000E+001   5.4000E+001   6.5000E+001   6.5000E+001   0.0000E+000
 5.7000E+001   5.7000E+001   5.7000E+001   5.7000E+001   5.4000E+001   5.4000E+001   5.4000E+001   6.5000E+001   6.5000E+001   6.0000E+000   0.0000E+000   5.7000E+001   6.5000E+001   5.4000E+001   0.0000E+000   5.7000E+001   0.0000E+000   5.7000E+001   0.0000E+000   0.0000E+000   0.0000E+000   0.0000E+000   5.7000E+001   0.0000E+000   0.0000E+000   0.0000E+000   5.7000E+001   4.9000E+001   5.7000E+001   5.7000E+001   5.4000E+001   0.0000E+000   5.4000E+001   5.4000E+001   5.4000E+001   5.4000E+001   5.4000E+001   5.4000E+001   0.0000E+000   5.7000E+001
 5.7000E+001   0.0000E+000   5.7000E+001   0.0000E+000   0.0000E+000   5.4000E+001   0.0000E+000   4.9000E+001   6.5000E+001   0.0000E+000   4.9000E+001   6.5000E+001   6.5000E+001   6.5000E+001   6.5000E+001   0.0000E+000   5.7000E+001   5.7000E+001   5.7000E+001   0.0000E+000   5.4000E+001   0.0000E+000   0.0000E+000   0.0000E+000   5.4000E+001   5.7000E+001   5.7000E+001   5.7000E+001   0.0000E+000   5.7000E+001   0.0000E+000   0.0000E+000   0.0000E+000   5.4000E+001   5.7000E+001   0.0000E+000   5.4000E+001   4.9000E+001   4.9000E+001   0.0000E+000
 0.0000E+000   5.7000E+001   5.7000E+001   5.7000E+001   4.4000E+001   0.0000E+000   4.9000E+001   4.9000E+001   4.9000E+001   4.9000E+001   4.9000E+001   4.9000E+001   5.7000E+001   6.5000E+001   6.5000E+001   6.5000E+001   5.4000E+001   5.7000E+001   5.4000E+001   5.4000E+001   5.4000E+001   5.4000E+001   0.0000E+000   5.4000E+001   5.4000E+001   5.4000E+001   5.7000E+001   0.0000E+000   0.0000E+000   0.0000E+000   0.0000E+000   0.0000E+000   0.0000E+000   5.7000E+001   5.7000E+001   5.7000E+001   0.0000E+000   5.7000E+001   0.0000E+000   5.4000E+001
