 4.9000E+001   4.9000E+001   4.9000E+001   4.9000E+001   4.9000E+001   4.9000E+001   4.9000E+001   4.9000E+001   4.9000E+001   4.9000E+001   4.9000E+001   4.9000E+001   4.9000E+001   4.9000E+001   4.9000E+001   4.9000E+001   4.9000E+001   4.9000E+001   4.9000E+001   4.9000E+001
 4.9000E+001   4.9000E+001   4.9000E+001   4.9000E+001   4.9000E+001   4.9000E+001   4.9000E+001   4.9000E+001   4.9000E+001   4.9000E+001   4.9000E+001   4.9000E+001   4.9000E+001   4.9000E+001   4.9000E+001   4.9000E+001   4.9000E+001   4.9000E+001   4.9000E+001   4.9000E+001
 4.9000E+001   4.9000E+001   4.9000E+001   4.9000E+001   4.9000E+001   4.9000E+001   4.9000E+001   4.9000E+001   4.9000E+001   4.9000E+001   4.9000E+001   4.9000E+001   4.9000E+001   4.9000E+001   4.9000E+001   4.9000E+001   4.9000E+001   4.9000E+001   4.9000E+001   4.9000E+001
 4.9000E+001   4.9000E+001   4.9000E+001   4.9000E+001   4.9000E+001   4.9000E+001   4.9000E+001   4.9000E+001   4.9000E+001   4.9000E+001   4.9000E+001   4.9000E+001   4.9000E+001   4.9000E+001   4.9000E+001   4.9000E+001   4.9000E+001   4.9000E+001   4.9000E+001   4.9000E+001
 4.9000E+001   4.9000E+001   4.9000E+001   4.9000E+001   4.9000E+001   4.9000E+001   4.9000E+001   4.9000E+001   4.9000E+001   4.9000E+001   4.9000E+001   4.9000E+001   4.9000E+001   4.9000E+001   4.9000E+001   4.9000E+001   4.9000E+001   4.9000E+001   4.9000E+001   4.9000E+001
 4.9000E+001   4.9000E+001   4.9000E+001   4.9000E+001   4.9000E+001   4.9000E+001   4.9000E+001   4.9000E+001   4.9000E+001   4.9000E+001   4.9000E+001   4.9000E+001   4.9000E+001   4.9000E+001   4.9000E+001   4.9000E+001   4.9000E+001   4.9000E+001   4.9000E+001   4.9000E+001
 4.9000E+001   4.9000E+001   4.9000E+001   4.9000E+001   4.9000E+001   4.9000E+001   4.9000E+001   4.9000E+001   4.9000E+001   4.9000E+001   4.9000E+001   4.9000E+001   4.9000E+001   4.9000E+001   4.9000E+001   4.9000E+001   4.9000E+001   4.9000E+001   4.9000E+001   4.9000E+001
 4.9000E+001   4.9000E+001   4.9000E+001   4.9000E+001   4.9000E+001   4.9000E+001   4.9000E+001   4.9000E+001   4.9000E+001   4.9000E+001   4.9000E+001   4.9000E+001   4.9000E+001   4.9000E+001   4.9000E+001   4.9000E+001   4.9000E+001   4.9000E+001   4.9000E+001   4.9000E+001
 4.9000E+001   4.9000E+001   4.9000E+001   4.9000E+001   4.9000E+001   4.9000E+001   4.9000E+001   4.9000E+001   4.9000E+001   4.9000E+001   4.9000E+001   4.9000E+001   4.9000E+001   4.9000E+001   4.9000E+001   4.9000E+001   4.9000E+001   4.9000E+001   4.9000E+001   4.9000E+001
 4.9000E+001   4.9000E+001   4.9000E+001   4.9000E+001   4.9000E+001   4.9000E+001   4.9000E+001   4.9000E+001   4.9000E+001   4.9000E+001   4.9000E+001   4.9000E+001   4.9000E+001   4.9000E+001   4.9000E+001   4.9000E+001   4.9000E+001   4.9000E+001   4.9000E+001   4.9000E+001
 4.9000E+001   4.9000E+001   4.9000E+001   4.9000E+001   4.9000E+001   4.9000E+001   4.9000E+001   4.9000E+001   4.9000E+001   4.9000E+001   4.9000E+001   4.9000E+001   4.9000E+001   4.9000E+001   4.9000E+001   4.9000E+001   4.9000E+001   4.9000E+001   4.9000E+001   4.9000E+001
 4.9000E+001   4.9000E+001   4.9000E+001   4.9000E+001   4.9000E+001   4.9000E+001   4.9000E+001   4.9000E+001   4.9000E+001   4.9000E+001   4.9000E+001   4.9000E+001   4.9000E+001   4.9000E+001   4.9000E+001   4.9000E+001   4.9000E+001   4.9000E+001   4.9000E+001   4.9000E+001
 4.9000E+001   4.9000E+001   4.9000E+001   4.9000E+001   4.9000E+001   4.9000E+001   4.9000E+001   4.9000E+001   4.9000E+001   4.9000E+001   4.9000E+001   4.9000E+001   4.9000E+001   4.9000E+001   4.9000E+001   4.9000E+001   4.9000E+001   4.9000E+001   4.9000E+001   4.9000E+001
 4.9000E+001   4.9000E+001   4.9000E+001   4.9000E+001   4.9000E+001   4.9000E+001   4.9000E+001   4.9000E+001   4.9000E+001   4.9000E+001   4.9000E+001   4.9000E+001   4.9000E+001   4.9000E+001   4.9000E+001   4.9000E+001   4.9000E+001   4.9000E+001   4.9000E+001   4.9000E+001
 4.9000E+001   4.9000E+001   4.9000E+001   4.9000E+001   4.9000E+001   4.9000E+001   4.9000E+001   4.9000E+001   4.9000E+001   4.9000E+001   4.9000E+001   4.9000E+001   4.9000E+001   4.9000E+001   4.9000E+001   4.9000E+001   4.9000E+001   4.9000E+001   4.9000E+001   4.9000E+001
 4.9000E+001   4.9000E+001   4.9000E+001   4.9000E+001   4.9000E+001   4.9000E+001   4.9000E+001   4.9000E+001   4.9000E+001   4.9000E+001   4.9000E+001   4.9000E+001   4.9000E+001   4.9000E+001   4.9000E+001   4.9000E+001   4.9000E+001   4.9000E+001   4.9000E+001   4.9000E+001
 4.9000E+001   4.9000E+001   4.9000E+001   4.9000E+001   4.9000E+001   4.9000E+001   4.9000E+001   4.9000E+001   4.9000E+001   4.9000E+001   4.9000E+001   4.9000E+001   4.9000E+001   4.9000E+001   4.9000E+001   4.9000E+001   4.9000E+001   4.9000E+001   4.9000E+001   4.9000E+001
 4.9000E+001   4.9000E+001   4.9000E+001   4.9000E+001   4.9000E+001   4.9000E+001   4.9000E+001   4.9000E+001   4.9000E+001   4.9000E+001   4.9000E+001   4.9000E+001   4.9000E+001   4.9000E+001   4.9000E+001   4.9000E+001   4.9000E+001   4.9000E+001   4.9000E+001   4.9000E+001
 4.9000E+001   4.9000E+001   4.9000E+001   4.9000E+001   4.9000E+001   4.9000E+001   4.9000E+001   4.9000E+001   4.9000E+001   4.9000E+001   4.9000E+001   4.9000E+001   4.9000E+001   4.9000E+001   4.9000E+001   4.9000E+001   4.9000E+001   4.9000E+001   4.9000E+001   4.9000E+001
 4.9000E+001   4.9000E+001   4.9000E+001   4.9000E+001   4.9000E+001   4.9000E+001   4.9000E+001   4.9000E+001   4.9000E+001   4.9000E+001   4.9000E+001   4.9000E+001   4.9000E+001   4.9000E+001   4.9000E+001   4.9000E+001   4.9000E+001   4.9000E+001   4.9000E+001   4.9000E+001
