-1.1691E+019   1.7276E+069  -7.3626E+019  -7.0973E+068  -2.1998E+019      Infinity  -6.1437E+019   2.3554E+019  -8.4664E+061  -4.5885E+019   7.8557E+067
 1.1997E+068  -5.0494E+019   3.3229E+069  -5.5175E+019   2.2257E+070  -4.4799E+019   7.6507E+033   7.7915E+036  -1.7304E+019  -9.1286E+069  -4.4134E+019
-5.3913E+019  -5.5165E+057  -5.5211E+019   4.5526E+070   3.5379E+019   3.0235E+060  -3.3473E+019  -8.0390E+018   2.3863E+063  -2.2625E+019  -4.6104E+069
 3.6709E+042  -8.4781E+019   3.6471E+043   3.9969E+019   6.3959E+061  -6.5637E+018   1.5770E+025  -5.8041E+044  -8.1517E+018   2.0802E+070  -1.2827E+019
 3.0485E+026   2.4191E+019  -6.3978E+027   8.8117E+026  -5.3853E+019   1.2567E+027  -1.2102E+033  -4.6446E+017  -1.1501E+069  -1.2149E+019   9.2138E+034
-1.2242E+019   1.3999E+063   2.3628E+019  -1.2018E+044   7.3202E+019  -1.3301E+043   2.2337E+019  -6.3025E+069  -1.0410E+019   2.9893E+037  -8.3075E+031
 1.6615E+068   2.4635E+019   2.1197E+070   7.0058E+019  -6.7382E+060   6.3286E+019  -1.9138E+070  -1.2420E+019  -5.3186E+036  -2.2201E+031   6.3704E+019
-1.2229E+019   8.2937E+070   5.7403E+019   6.2540E+069   3.4189E+019   1.4073E+068   1.1679E+019  -8.3889E+043   8.2000E+024   1.3220E+019   1.0394E+065
 7.9748E+070   2.9911E+019   3.1284E+070   2.7058E+019  -8.8498E+068   6.1169E+019  -7.8441E+059   6.7828E+019  -8.8679E+019  -3.4429E+059  -1.4709E+019
-2.7958E+018  -1.1966E+070   2.7496E+019   2.5193E+069  -3.2970E+018     -Infinity   3.2669E+019   1.1666E+025  -1.0400E+045  -1.5660E+019   5.6002E+068
-4.2321E+066  -6.0939E+018   3.2284E+069  -2.7496E+019      Infinity     -Infinity      Infinity  -1.7777E+027  -1.6189E+019  -8.0439E+067  -1.7180E+019
