-1.5752E-001   4.0797E-001   5.7855E-001   8.5971E-001   6.5906E-001   2.7327E-001   1.0039E+000   3.0423E-001   2.0010E-001   5.1739E-001
-2.8756E-002   5.5868E-001   3.0460E-002  -3.4972E-002   3.9295E-001   1.0947E+000   1.2393E+000   1.0734E+000   1.4220E-001   1.1644E+000
 9.7161E-001   1.0571E+000   1.2514E+000   1.5586E-001   2.7204E-001   4.8241E-001   1.6803E-001   6.4568E-001   5.9229E-001  -1.7740E-001
-2.7872E-001  -3.8498E-001  -1.4241E-001  -1.8056E-001   4.0175E-001   5.6702E-001   1.2337E+000   2.6197E-001  -1.8083E-001  -2.0743E-001
 7.1878E-002  -3.9295E-001   1.1472E+000  -2.5734E-001  -2.6442E-003   1.5786E-001   6.7488E-001   5.5183E-004   5.4787E-001   1.0961E+000
 7.2050E-001   9.4746E-001  -2.6690E-001   2.9987E-001   8.9907E-001   1.0600E+000   7.7633E-001  -6.7240E-002   4.4085E-001   8.8635E-002
 8.5979E-001   3.9146E-001   7.1752E-001   8.7673E-001   6.7163E-001   7.7630E-001   8.6028E-001  -7.6272E-002   3.0501E-001   6.4540E-001
 7.2798E-001   5.5620E-001   6.3489E-001   6.3858E-001   2.2383E-001   6.1969E-001  -2.5758E-001   7.0326E-001   4.3558E-001   1.1764E-001
 8.5719E-001   7.4278E-001   5.3061E-001   3.3208E-001   3.0124E-001   3.6183E-001   6.6199E-001   1.8456E-001   2.8853E-001   7.6063E-001
 8.6048E-001   4.4836E-001   2.1895E-001   5.4273E-001   3.6396E-001   9.2856E-001  -1.1035E-001   1.5313E-001   2.4863E-001   2.0051E-001
