Lithology       Code      Dept  RHOB         GR        SP         DT
    
shale2          1           1   2.57E+00   9.86E+01   7.90E+01   5.77E+02
shale2          1           2   2.50E+00   1.01E+02   6.38E+01   6.72E+02
shale2          1           3   2.48E+00   1.11E+02   7.25E+01   4.71E+02
shale2          1           4   2.44E+00   9.86E+01   7.67E+01   4.92E+02
shale2          1           5   2.48E+00   9.86E+01   7.09E+01   6.57E+02
shale2          1           6   2.50E+00   1.26E+02   8.23E+01   5.57E+02
shale2          1           7   2.42E+00   1.23E+02   7.32E+01   5.56E+02
shale2          1           8   2.56E+00   9.60E+01   7.18E+01   6.24E+02
shale2          1           9   2.51E+00   8.85E+01   7.71E+01   5.33E+02
shale2          1          10   2.57E+00   1.01E+02   6.81E+01   4.88E+02
shale2          1          11   2.51E+00   1.11E+02   7.16E+01   5.28E+02
shale2          1          12   2.43E+00   8.62E+01   7.76E+01   4.52E+02
shale2          1          13   2.36E+00   1.24E+02   7.20E+01   6.32E+02
shale2          1          14   2.52E+00   1.21E+02   7.87E+01   6.22E+02
shale2          1          15   2.54E+00   1.14E+02   6.60E+01   5.54E+02
shale2          1          16   2.58E+00   1.15E+02   7.26E+01   5.45E+02
shale2          1          17   2.55E+00   1.37E+02   6.53E+01   5.31E+02
shale2          1          18   2.60E+00   1.04E+02   7.95E+01   5.52E+02
shale2          1          19   2.53E+00   1.14E+02   7.26E+01   5.71E+02
shale2          1          20   2.57E+00   1.15E+02   5.73E+01   5.74E+02
shale2          1          21   2.43E+00   9.55E+01   6.80E+01   5.57E+02
shale2          1          22   2.52E+00   1.11E+02   7.57E+01   5.26E+02
shale2          1          23   2.37E+00   1.21E+02   6.66E+01   5.49E+02
shale2          1          24   2.50E+00   1.13E+02   9.08E+01   5.05E+02
shale2          1          25   2.54E+00   1.04E+02   6.80E+01   4.89E+02
shale2          1          26   2.54E+00   1.14E+02   6.44E+01   5.74E+02
shale2          1          27   2.56E+00   1.06E+02   5.61E+01   5.42E+02
shale2          1          28   2.57E+00   9.76E+01   6.03E+01   4.16E+02
shale2          1          29   2.44E+00   9.35E+01   6.74E+01   4.92E+02
shale2          1          30   2.42E+00   1.06E+02   7.08E+01   4.90E+02
shale2          1          31   2.47E+00   1.17E+02   7.94E+01   5.39E+02
shale2          1          32   2.48E+00   1.14E+02   7.58E+01   6.95E+02
shale2          1          33   2.54E+00   1.17E+02   7.33E+01   5.50E+02
shale2          1          34   2.56E+00   1.40E+02   6.19E+01   5.72E+02
shale2          1          35   2.51E+00   1.10E+02   6.70E+01   5.31E+02
shale2          1          36   2.51E+00   1.10E+02   6.16E+01   4.99E+02
shale2          1          37   2.42E+00   9.69E+01   7.05E+01   5.28E+02
shale2          1          38   2.52E+00   1.06E+02   6.11E+01   5.11E+02
shale2          1          39   2.49E+00   8.80E+01   5.76E+01   4.35E+02
shale2          1          40   2.44E+00   1.14E+02   8.41E+01   4.53E+02
shale2          1          41   2.55E+00   1.15E+02   8.27E+01   6.01E+02
shale2          1          42   2.55E+00   1.10E+02   7.39E+01   5.63E+02
shale2          1          43   2.47E+00   9.81E+01   6.21E+01   4.71E+02
shale2          1          44   2.48E+00   1.31E+02   7.58E+01   4.74E+02
shale2          1          45   2.53E+00   1.06E+02   6.67E+01   5.27E+02
shale2          1          46   2.53E+00   1.22E+02   7.09E+01   4.79E+02
shale2          1          47   2.49E+00   1.18E+02   6.78E+01   5.11E+02
shale2          1          48   2.49E+00   1.07E+02   7.05E+01   5.61E+02
shale2          1          49   2.45E+00   8.66E+01   6.37E+01   4.68E+02
shale2          1          50   2.50E+00   1.15E+02   7.68E+01   5.28E+02
shale2          1          51   2.54E+00   1.19E+02   6.73E+01   4.70E+02
shale2          1          52   2.58E+00   1.14E+02   6.81E+01   5.29E+02
shale2          1          53   2.47E+00   9.44E+01   7.06E+01   4.79E+02
shale2          1          54   2.50E+00   9.77E+01   6.86E+01   6.29E+02
shale2          1          55   2.48E+00   1.06E+02   6.77E+01   5.36E+02
shale2          1          56   2.48E+00   1.09E+02   8.88E+01   5.40E+02
shale2          1          57   2.61E+00   1.09E+02   4.82E+01   7.29E+02
shale2          1          58   2.54E+00   1.26E+02   7.19E+01   5.41E+02
shale2          1          59   2.54E+00   1.07E+02   6.10E+01   6.63E+02
shale2          1          60   2.40E+00   1.34E+02   8.55E+01   5.91E+02
dolomite        2          61   2.50E+00   4.48E+01  -6.11E+01   1.20E+02
dolomite        2          62   2.41E+00   3.57E+01  -6.72E+01   1.76E+02
dolomite        2          63   2.47E+00   4.31E+01  -5.36E+01   1.27E+02
dolomite        2          64   2.49E+00   4.17E+01  -4.72E+01   1.13E+02
dolomite        2          65   2.48E+00   4.39E+01  -5.55E+01   1.23E+02
dolomite        2          66   2.49E+00   4.45E+01  -6.62E+01   1.47E+02
dolomite        2          67   2.45E+00   4.08E+01  -6.06E+01   1.32E+02
dolomite        2          68   2.56E+00   4.09E+01  -5.27E+01   1.51E+02
dolomite        2          69   2.43E+00   4.00E+01  -6.81E+01   1.42E+02
dolomite        2          70   2.51E+00   4.24E+01  -6.72E+01   1.42E+02
dolomite        2          71   2.43E+00   3.64E+01  -6.03E+01   1.44E+02
dolomite        2          72   2.48E+00   3.43E+01  -5.96E+01   1.41E+02
dolomite        2          73   2.52E+00   3.92E+01  -7.22E+01   1.44E+02
dolomite        2          74   2.50E+00   4.10E+01  -5.71E+01   1.34E+02
dolomite        2          75   2.45E+00   3.50E+01  -6.38E+01   1.49E+02
dolomite        2          76   2.47E+00   4.32E+01  -5.45E+01   1.45E+02
dolomite        2          77   2.52E+00   4.01E+01  -6.45E+01   1.33E+02
dolomite        2          78   2.48E+00   4.30E+01  -5.15E+01   1.42E+02
dolomite        2          79   2.51E+00   4.00E+01  -5.20E+01   1.27E+02
dolomite        2          80   2.55E+00   3.76E+01  -7.90E+01   1.51E+02
dolomite        2          81   2.44E+00   3.95E+01  -5.92E+01   1.77E+02
dolomite        2          82   2.49E+00   4.15E+01  -6.22E+01   1.44E+02
dolomite        2          83   2.56E+00   3.33E+01  -4.75E+01   1.35E+02
dolomite        2          84   2.44E+00   4.11E+01  -5.30E+01   1.22E+02
dolomite        2          85   2.52E+00   3.91E+01  -5.82E+01   1.39E+02
dolomite        2          86   2.43E+00   4.22E+01  -5.82E+01   1.59E+02
dolomite        2          87   2.56E+00   4.14E+01  -5.14E+01   1.27E+02
dolomite        2          88   2.55E+00   3.86E+01  -5.63E+01   1.38E+02
dolomite        2          89   2.49E+00   3.04E+01  -4.88E+01   1.14E+02
dolomite        2          90   2.40E+00   3.49E+01  -5.72E+01   1.36E+02
dolomite        2          91   2.41E+00   4.18E+01  -5.66E+01   1.50E+02
dolomite        2          92   2.51E+00   4.19E+01  -6.05E+01   1.24E+02
dolomite        2          93   2.34E+00   4.59E+01  -5.90E+01   1.42E+02
dolomite        2          94   2.53E+00   3.13E+01  -5.78E+01   1.47E+02
dolomite        2          95   2.48E+00   4.16E+01  -4.99E+01   1.77E+02
dolomite        2          96   2.56E+00   3.86E+01  -5.93E+01   1.44E+02
dolomite        2          97   2.55E+00   3.13E+01  -6.46E+01   1.43E+02
dolomite        2          98   2.46E+00   3.53E+01  -6.24E+01   1.50E+02
dolomite        2          99   2.56E+00   3.82E+01  -5.83E+01   1.30E+02
dolomite        2         100   2.54E+00   4.44E+01  -5.22E+01   1.21E+02
dolomite        2         101   2.49E+00   4.06E+01  -6.83E+01   1.51E+02
dolomite        2         102   2.52E+00   4.01E+01  -5.51E+01   1.46E+02
dolomite        2         103   2.53E+00   4.11E+01  -4.87E+01   1.48E+02
dolomite        2         104   2.51E+00   3.42E+01  -6.85E+01   1.40E+02
dolomite        2         105   2.52E+00   3.64E+01  -5.97E+01   1.07E+02
dolomite        2         106   2.47E+00   3.87E+01  -6.18E+01   1.63E+02
dolomite        2         107   2.52E+00   3.85E+01  -4.67E+01   1.43E+02
dolomite        2         108   2.48E+00   4.52E+01  -5.83E+01   1.53E+02
dolomite        2         109   2.51E+00   3.52E+01  -6.81E+01   1.56E+02
dolomite        2         110   2.47E+00   4.53E+01  -5.14E+01   1.28E+02
dolomite        2         111   2.47E+00   4.11E+01  -6.70E+01   1.41E+02
dolomite        2         112   2.55E+00   3.79E+01  -6.50E+01   1.52E+02
dolomite        2         113   2.52E+00   4.02E+01  -6.32E+01   1.49E+02
dolomite        2         114   2.43E+00   4.06E+01  -6.06E+01   1.35E+02
dolomite        2         115   2.51E+00   3.75E+01  -5.56E+01   1.61E+02
dolomite        2         116   2.46E+00   3.03E+01  -6.88E+01   1.75E+02
diabase         3         117   2.83E+00   3.15E+01   5.42E+00   5.51E+01
diabase         3         118   2.95E+00   3.08E+01   5.09E+00   5.19E+01
diabase         3         119   2.76E+00   2.91E+01   5.21E+00   4.43E+01
diabase         3         120   2.82E+00   3.30E+01   5.40E+00   5.09E+01
diabase         3         121   2.79E+00   3.34E+01   4.08E+00   4.36E+01
diabase         3         122   2.78E+00   3.24E+01   4.45E+00   6.18E+01
diabase         3         123   2.76E+00   3.00E+01   4.96E+00   5.06E+01
diabase         3         124   2.83E+00   3.19E+01   5.49E+00   4.81E+01
diabase         3         125   2.83E+00   3.27E+01   4.94E+00   4.35E+01
diabase         3         126   2.77E+00   3.44E+01   5.25E+00   4.75E+01
diabase         3         127   2.72E+00   3.03E+01   4.86E+00   5.31E+01
diabase         3         128   2.88E+00   2.97E+01   5.44E+00   4.93E+01
diabase         3         129   2.77E+00   3.19E+01   5.39E+00   6.26E+01
diabase         3         130   2.76E+00   3.02E+01   4.38E+00   5.56E+01
diabase         3         131   2.78E+00   2.91E+01   4.82E+00   4.37E+01
diabase         3         132   2.86E+00   2.67E+01   4.85E+00   4.37E+01
diabase         3         133   2.75E+00   3.36E+01   4.42E+00   5.45E+01
diabase         3         134   2.80E+00   2.89E+01   4.39E+00   5.72E+01
diabase         3         135   2.65E+00   2.85E+01   5.03E+00   5.66E+01
diabase         3         136   2.91E+00   2.89E+01   4.54E+00   4.51E+01
diabase         3         137   2.78E+00   2.31E+01   5.52E+00   5.74E+01
diabase         3         138   2.80E+00   2.65E+01   4.06E+00   3.84E+01
diabase         3         139   2.69E+00   2.66E+01   4.87E+00   5.10E+01
diabase         3         140   2.77E+00   2.59E+01   4.89E+00   4.73E+01
diabase         3         141   2.80E+00   3.58E+01   5.63E+00   5.18E+01
diabase         3         142   2.78E+00   3.32E+01   5.00E+00   4.82E+01
diabase         3         143   2.75E+00   3.05E+01   5.81E+00   4.71E+01
diabase         3         144   2.81E+00   2.55E+01   5.18E+00   5.26E+01
diabase         3         145   2.82E+00   3.69E+01   4.93E+00   5.25E+01
diabase         3         146   2.72E+00   3.31E+01   4.34E+00   5.10E+01
diabase         3         147   2.73E+00   3.41E+01   6.49E+00   4.92E+01
diabase         3         148   2.75E+00   3.34E+01   5.05E+00   4.42E+01
diabase         3         149   2.78E+00   2.87E+01   4.28E+00   4.93E+01
dolomite        2         150   2.50E+00   3.04E+01  -4.78E+01   1.40E+02
dolomite        2         151   2.62E+00   3.73E+01  -5.11E+01   1.32E+02
dolomite        2         152   2.61E+00   4.05E+01  -5.16E+01   1.50E+02
dolomite        2         153   2.57E+00   3.84E+01  -6.11E+01   1.42E+02
dolomite        2         154   2.44E+00   3.75E+01  -6.66E+01   1.52E+02
dolomite        2         155   2.39E+00   4.33E+01  -7.25E+01   1.23E+02
dolomite        2         156   2.45E+00   4.06E+01  -6.20E+01   1.58E+02
dolomite        2         157   2.47E+00   4.15E+01  -5.38E+01   1.22E+02
dolomite        2         158   2.43E+00   3.54E+01  -5.48E+01   1.61E+02
dolomite        2         159   2.53E+00   3.48E+01  -5.15E+01   1.63E+02
dolomite        2         160   2.45E+00   4.12E+01  -6.82E+01   1.72E+02
dolomite        2         161   2.46E+00   4.09E+01  -4.82E+01   1.36E+02
dolomite        2         162   2.52E+00   3.91E+01  -5.41E+01   1.17E+02
dolomite        2         163   2.53E+00   4.15E+01  -5.20E+01   1.38E+02
dolomite        2         164   2.51E+00   3.46E+01  -6.33E+01   1.20E+02
dolomite        2         165   2.45E+00   3.22E+01  -5.11E+01   1.57E+02
dolomite        2         166   2.53E+00   4.39E+01  -6.63E+01   1.61E+02
dolomite        2         167   2.63E+00   3.82E+01  -6.48E+01   1.50E+02
dolomite        2         168   2.42E+00   4.77E+01  -5.36E+01   1.30E+02
dolomite        2         169   2.49E+00   3.74E+01  -5.39E+01   1.42E+02
dolomite        2         170   2.53E+00   3.77E+01  -5.91E+01   1.44E+02
dolomite        2         171   2.45E+00   3.46E+01  -5.24E+01   1.14E+02
dolomite        2         172   2.54E+00   3.65E+01  -6.11E+01   1.52E+02
dolomite        2         173   2.52E+00   3.99E+01  -5.14E+01   1.55E+02
dolomite        2         174   2.43E+00   3.83E+01  -6.49E+01   1.31E+02
dolomite        2         175   2.53E+00   2.77E+01  -6.03E+01   1.44E+02
dolomite        2         176   2.49E+00   3.62E+01  -5.60E+01   1.56E+02
dolomite        2         177   2.44E+00   4.51E+01  -6.82E+01   1.86E+02
dolomite        2         178   2.45E+00   4.43E+01  -7.35E+01   1.67E+02
dolomite        2         179   2.38E+00   3.77E+01  -5.86E+01   1.75E+02
dolomite        2         180   2.60E+00   3.24E+01  -5.92E+01   1.38E+02
dolomite        2         181   2.48E+00   4.01E+01  -5.64E+01   1.16E+02
dolomite        2         182   2.43E+00   3.86E+01  -7.33E+01   1.36E+02
dolomite        2         183   2.55E+00   5.10E+01  -6.25E+01   1.74E+02
dolomite        2         184   2.47E+00   4.31E+01  -4.96E+01   1.59E+02
dolomite        2         185   2.52E+00   3.50E+01  -6.37E+01   1.37E+02
dolomite        2         186   2.45E+00   4.14E+01  -6.32E+01   1.62E+02
dolomite        2         187   2.43E+00   4.04E+01  -6.08E+01   1.34E+02
dolomite        2         188   2.43E+00   3.67E+01  -5.88E+01   1.02E+02
dolomite        2         189   2.51E+00   3.02E+01  -5.86E+01   1.40E+02
dolomite        2         190   2.45E+00   3.10E+01  -5.10E+01   1.39E+02
dolomite        2         191   2.52E+00   3.86E+01  -6.07E+01   1.49E+02
dolomite        2         192   2.53E+00   4.24E+01  -6.98E+01   1.24E+02
dolomite        2         193   2.49E+00   4.76E+01  -6.24E+01   1.36E+02
dolomite        2         194   2.50E+00   4.35E+01  -5.95E+01   1.47E+02
dolomite        2         195   2.48E+00   4.48E+01  -6.17E+01   1.48E+02
dolomite        2         196   2.44E+00   4.58E+01  -7.21E+01   1.63E+02
dolomite        2         197   2.56E+00   3.81E+01  -6.32E+01   1.52E+02
dolomite        2         198   2.39E+00   3.85E+01  -5.73E+01   1.42E+02
dolomite        2         199   2.51E+00   3.93E+01  -5.74E+01   1.59E+02
dolomite        2         200   2.48E+00   3.80E+01  -5.38E+01   1.46E+02
dolomite        2         201   2.52E+00   3.82E+01  -4.88E+01   1.36E+02
dolomite        2         202   2.56E+00   3.85E+01  -5.19E+01   1.32E+02
dolomite        2         203   2.46E+00   3.81E+01  -7.43E+01   1.24E+02
dolomite        2         204   2.52E+00   3.56E+01  -5.76E+01   1.21E+02
dolomite        2         205   2.52E+00   4.33E+01  -6.72E+01   1.47E+02
dolomite        2         206   2.46E+00   3.79E+01  -6.47E+01   1.69E+02
dolomite        2         207   2.48E+00   4.36E+01  -6.19E+01   1.35E+02
dolomite        2         208   2.48E+00   4.06E+01  -5.48E+01   1.53E+02
dolomite        2         209   2.54E+00   3.85E+01  -6.06E+01   1.25E+02
dolomite        2         210   2.51E+00   4.13E+01  -6.29E+01   1.67E+02
dolomite        2         211   2.44E+00   3.67E+01  -5.77E+01   9.29E+01
dolomite        2         212   2.62E+00   4.05E+01  -6.39E+01   9.70E+01
dolomite        2         213   2.44E+00   4.49E+01  -6.15E+01   1.55E+02
dolomite        2         214   2.51E+00   4.20E+01  -6.15E+01   1.50E+02
dolomite        2         215   2.53E+00   3.91E+01  -6.41E+01   1.47E+02
dolomite        2         216   2.57E+00   3.72E+01  -5.56E+01   1.37E+02
dolomite        2         217   2.55E+00   3.08E+01  -5.93E+01   1.31E+02
dolomite        2         218   2.46E+00   3.58E+01  -6.00E+01   1.36E+02
dolomite        2         219   2.55E+00   3.98E+01  -5.09E+01   1.44E+02
dolomite        2         220   2.53E+00   3.94E+01  -6.16E+01   1.63E+02
dolomite        2         221   2.49E+00   4.09E+01  -6.96E+01   1.35E+02
dolomite        2         222   2.55E+00   4.09E+01  -5.50E+01   1.48E+02
dolomite        2         223   2.42E+00   4.71E+01  -6.75E+01   1.52E+02
dolomite        2         224   2.48E+00   4.19E+01  -6.66E+01   1.48E+02
dolomite        2         225   2.48E+00   4.46E+01  -6.62E+01   1.40E+02
dolomite        2         226   2.49E+00   4.28E+01  -5.52E+01   1.59E+02
dolomite        2         227   2.48E+00   3.59E+01  -7.18E+01   1.42E+02
dolomite        2         228   2.56E+00   4.04E+01  -6.09E+01   1.60E+02
dolomite        2         229   2.58E+00   3.79E+01  -6.24E+01   1.41E+02
dolomite        2         230   2.49E+00   4.02E+01  -6.46E+01   1.51E+02
dolomite        2         231   2.48E+00   4.53E+01  -5.60E+01   1.46E+02
dolomite        2         232   2.54E+00   3.58E+01  -6.00E+01   1.52E+02
dolomite        2         233   2.43E+00   4.31E+01  -5.55E+01   1.29E+02
dolomite        2         234   2.46E+00   3.94E+01  -6.05E+01   1.40E+02
dolomite        2         235   2.54E+00   4.16E+01  -5.24E+01   1.33E+02
dolomite        2         236   2.55E+00   4.29E+01  -6.43E+01   1.23E+02
dolomite        2         237   2.52E+00   4.51E+01  -6.57E+01   1.31E+02
dolomite        2         238   2.45E+00   4.07E+01  -6.30E+01   1.57E+02
conglomerate    4         239   2.28E+00   2.06E+01  -4.19E+01   1.11E+02
conglomerate    4         240   2.25E+00   1.89E+01  -4.29E+01   1.09E+02
conglomerate    4         241   2.27E+00   2.00E+01  -4.53E+01   1.03E+02
conglomerate    4         242   2.34E+00   2.22E+01  -3.97E+01   1.24E+02
conglomerate    4         243   2.25E+00   1.99E+01  -4.04E+01   1.36E+02
conglomerate    4         244   2.32E+00   2.11E+01  -4.03E+01   1.03E+02
conglomerate    4         245   2.19E+00   1.70E+01  -4.20E+01   1.11E+02
conglomerate    4         246   2.24E+00   2.42E+01  -4.48E+01   1.05E+02
conglomerate    4         247   2.33E+00   2.22E+01  -3.43E+01   1.11E+02
conglomerate    4         248   2.29E+00   1.89E+01  -3.94E+01   1.10E+02
conglomerate    4         249   2.28E+00   1.74E+01  -4.28E+01   9.91E+01
conglomerate    4         250   2.22E+00   1.98E+01  -3.52E+01   9.97E+01
conglomerate    4         251   2.32E+00   2.00E+01  -3.50E+01   1.21E+02
conglomerate    4         252   2.36E+00   2.36E+01  -4.40E+01   1.26E+02
conglomerate    4         253   2.39E+00   1.95E+01  -3.76E+01   9.31E+01
conglomerate    4         254   2.27E+00   2.07E+01  -4.17E+01   1.09E+02
conglomerate    4         255   2.26E+00   1.96E+01  -3.89E+01   9.83E+01
conglomerate    4         256   2.23E+00   2.34E+01  -3.48E+01   1.05E+02
conglomerate    4         257   2.15E+00   1.80E+01  -4.93E+01   1.18E+02
conglomerate    4         258   2.24E+00   2.23E+01  -4.50E+01   1.27E+02
conglomerate    4         259   2.17E+00   1.96E+01  -3.03E+01   1.15E+02
conglomerate    4         260   2.25E+00   1.79E+01  -3.66E+01   1.28E+02
conglomerate    4         261   2.31E+00   2.24E+01  -4.35E+01   8.75E+01
conglomerate    4         262   2.31E+00   1.99E+01  -4.44E+01   1.11E+02
conglomerate    4         263   2.36E+00   1.62E+01  -3.13E+01   1.20E+02
conglomerate    4         264   2.31E+00   1.78E+01  -3.54E+01   1.10E+02
conglomerate    4         265   2.29E+00   2.32E+01  -4.00E+01   1.11E+02
conglomerate    4         266   2.28E+00   2.02E+01  -3.76E+01   1.15E+02
conglomerate    4         267   2.32E+00   1.63E+01  -4.41E+01   1.09E+02
conglomerate    4         268   2.34E+00   2.36E+01  -3.44E+01   1.21E+02
conglomerate    4         269   2.36E+00   2.10E+01  -3.54E+01   9.71E+01
conglomerate    4         270   2.24E+00   1.93E+01  -2.67E+01   1.12E+02
conglomerate    4         271   2.24E+00   1.92E+01  -3.86E+01   1.15E+02
conglomerate    4         272   2.24E+00   2.48E+01  -3.72E+01   1.24E+02
conglomerate    4         273   2.32E+00   2.25E+01  -4.20E+01   1.16E+02
conglomerate    4         274   2.31E+00   2.63E+01  -4.53E+01   1.12E+02
conglomerate    4         275   2.30E+00   2.30E+01  -3.50E+01   1.09E+02
conglomerate    4         276   2.37E+00   1.74E+01  -3.86E+01   1.22E+02
conglomerate    4         277   2.31E+00   1.74E+01  -3.81E+01   1.20E+02
conglomerate    4         278   2.25E+00   2.04E+01  -4.85E+01   1.01E+02
conglomerate    4         279   2.19E+00   2.09E+01  -3.73E+01   1.08E+02
conglomerate    4         280   2.35E+00   1.81E+01  -4.10E+01   1.01E+02
conglomerate    4         281   2.20E+00   2.06E+01  -4.15E+01   1.17E+02
conglomerate    4         282   2.25E+00   2.48E+01  -4.46E+01   1.10E+02
conglomerate    4         283   2.33E+00   1.92E+01  -4.16E+01   1.19E+02
conglomerate    4         284   2.32E+00   2.06E+01  -5.11E+01   1.14E+02
conglomerate    4         285   2.36E+00   1.77E+01  -4.46E+01   9.40E+01
conglomerate    4         286   2.31E+00   1.77E+01  -4.67E+01   1.10E+02
conglomerate    4         287   2.29E+00   2.08E+01  -3.99E+01   9.40E+01
conglomerate    4         288   2.20E+00   1.96E+01  -4.13E+01   9.76E+01
conglomerate    4         289   2.31E+00   1.88E+01  -4.56E+01   1.07E+02
conglomerate    4         290   2.40E+00   1.99E+01  -3.82E+01   1.08E+02
conglomerate    4         291   2.23E+00   2.09E+01  -3.54E+01   1.08E+02
conglomerate    4         292   2.26E+00   2.08E+01  -4.32E+01   9.56E+01
conglomerate    4         293   2.27E+00   2.20E+01  -4.55E+01   1.35E+02
conglomerate    4         294   2.36E+00   2.13E+01  -4.00E+01   1.06E+02
conglomerate    4         295   2.35E+00   2.01E+01  -3.91E+01   1.07E+02
conglomerate    4         296   2.31E+00   2.13E+01  -3.34E+01   1.06E+02
conglomerate    4         297   2.37E+00   1.63E+01  -4.95E+01   1.19E+02
conglomerate    4         298   2.38E+00   2.40E+01  -3.50E+01   9.50E+01
conglomerate    4         299   2.29E+00   2.13E+01  -3.67E+01   7.25E+01
conglomerate    4         300   2.21E+00   2.00E+01  -4.17E+01   1.19E+02
conglomerate    4         301   2.29E+00   2.25E+01  -3.94E+01   1.19E+02
conglomerate    4         302   2.32E+00   2.04E+01  -3.72E+01   1.27E+02
conglomerate    4         303   2.32E+00   2.08E+01  -3.72E+01   1.15E+02
conglomerate    4         304   2.36E+00   1.86E+01  -3.90E+01   1.22E+02
conglomerate    4         305   2.39E+00   2.32E+01  -4.28E+01   1.25E+02
conglomerate    4         306   2.32E+00   2.34E+01  -3.15E+01   1.20E+02
conglomerate    4         307   2.34E+00   2.30E+01  -4.42E+01   9.61E+01
conglomerate    4         308   2.33E+00   2.01E+01  -4.11E+01   1.13E+02
conglomerate    4         309   2.32E+00   2.25E+01  -4.32E+01   1.07E+02
conglomerate    4         310   2.30E+00   2.01E+01  -4.07E+01   1.07E+02
conglomerate    4         311   2.26E+00   2.25E+01  -4.46E+01   1.17E+02
conglomerate    4         312   2.40E+00   1.87E+01  -4.33E+01   1.08E+02
conglomerate    4         313   2.23E+00   1.55E+01  -3.59E+01   1.25E+02
conglomerate    4         314   2.24E+00   2.04E+01  -3.82E+01   1.04E+02
conglomerate    4         315   2.28E+00   2.28E+01  -4.01E+01   1.22E+02
conglomerate    4         316   2.29E+00   2.35E+01  -3.75E+01   9.50E+01
conglomerate    4         317   2.27E+00   1.81E+01  -4.17E+01   1.25E+02
conglomerate    4         318   2.35E+00   2.03E+01  -4.22E+01   1.13E+02
conglomerate    4         319   2.32E+00   1.84E+01  -4.54E+01   1.32E+02
conglomerate    4         320   2.29E+00   2.02E+01  -4.45E+01   1.14E+02
conglomerate    4         321   2.26E+00   2.33E+01  -3.88E+01   1.22E+02
conglomerate    4         322   2.24E+00   2.22E+01  -4.85E+01   1.07E+02
conglomerate    4         323   2.38E+00   2.03E+01  -3.94E+01   1.09E+02
conglomerate    4         324   2.35E+00   2.26E+01  -3.53E+01   1.07E+02
conglomerate    4         325   2.28E+00   1.98E+01  -3.94E+01   1.17E+02
conglomerate    4         326   2.24E+00   2.06E+01  -5.34E+01   1.14E+02
conglomerate    4         327   2.36E+00   1.98E+01  -4.39E+01   1.15E+02
conglomerate    4         328   2.35E+00   2.07E+01  -4.75E+01   1.24E+02
conglomerate    4         329   2.26E+00   2.00E+01  -3.75E+01   1.07E+02
conglomerate    4         330   2.28E+00   1.96E+01  -3.45E+01   1.02E+02
conglomerate    4         331   2.36E+00   2.00E+01  -3.88E+01   1.14E+02
conglomerate    4         332   2.21E+00   1.96E+01  -3.44E+01   1.19E+02
conglomerate    4         333   2.32E+00   1.84E+01  -4.58E+01   1.05E+02
conglomerate    4         334   2.31E+00   1.92E+01  -4.08E+01   1.02E+02
conglomerate    4         335   2.41E+00   2.23E+01  -4.56E+01   1.30E+02
conglomerate    4         336   2.37E+00   1.57E+01  -3.40E+01   1.00E+02
conglomerate    4         337   2.19E+00   1.88E+01  -3.59E+01   1.07E+02
conglomerate    4         338   2.28E+00   2.21E+01  -3.69E+01   9.95E+01
conglomerate    4         339   2.29E+00   2.04E+01  -4.30E+01   1.00E+02
conglomerate    4         340   2.24E+00   1.62E+01  -3.54E+01   9.85E+01
conglomerate    4         341   2.40E+00   2.02E+01  -3.92E+01   9.01E+01
conglomerate    4         342   2.25E+00   2.01E+01  -3.94E+01   1.24E+02
conglomerate    4         343   2.36E+00   1.91E+01  -4.43E+01   1.08E+02
conglomerate    4         344   2.30E+00   1.84E+01  -3.88E+01   1.14E+02
conglomerate    4         345   2.29E+00   2.18E+01  -3.98E+01   1.05E+02
conglomerate    4         346   2.26E+00   2.00E+01  -4.46E+01   1.14E+02
conglomerate    4         347   2.35E+00   2.45E+01  -4.08E+01   1.08E+02
conglomerate    4         348   2.34E+00   2.06E+01  -3.99E+01   1.18E+02
conglomerate    4         349   2.33E+00   2.21E+01  -3.52E+01   1.02E+02
conglomerate    4         350   2.27E+00   2.24E+01  -3.70E+01   8.42E+01
conglomerate    4         351   2.23E+00   2.16E+01  -3.97E+01   1.06E+02
conglomerate    4         352   2.36E+00   1.81E+01  -3.92E+01   1.19E+02
conglomerate    4         353   2.28E+00   1.98E+01  -4.39E+01   1.06E+02
conglomerate    4         354   2.19E+00   1.71E+01  -3.55E+01   1.01E+02
conglomerate    4         355   2.34E+00   2.12E+01  -3.45E+01   9.49E+01
conglomerate    4         356   2.24E+00   1.45E+01  -3.96E+01   1.24E+02
conglomerate    4         357   2.30E+00   1.95E+01  -3.99E+01   9.79E+01
conglomerate    4         358   2.32E+00   2.20E+01  -4.42E+01   1.19E+02
conglomerate    4         359   2.34E+00   2.08E+01  -4.99E+01   8.24E+01
conglomerate    4         360   2.28E+00   1.95E+01  -3.48E+01   1.14E+02
conglomerate    4         361   2.21E+00   1.96E+01  -4.14E+01   1.13E+02
conglomerate    4         362   2.20E+00   2.29E+01  -3.70E+01   1.22E+02
conglomerate    4         363   2.28E+00   1.94E+01  -4.06E+01   9.51E+01
conglomerate    4         364   2.34E+00   2.66E+01  -3.84E+01   8.69E+01
conglomerate    4         365   2.40E+00   1.73E+01  -3.24E+01   1.10E+02
conglomerate    4         366   2.40E+00   2.09E+01  -4.60E+01   1.10E+02
conglomerate    4         367   2.43E+00   2.26E+01  -3.25E+01   9.08E+01
conglomerate    4         368   2.30E+00   2.20E+01  -3.62E+01   1.47E+02
conglomerate    4         369   2.36E+00   2.17E+01  -4.26E+01   1.17E+02
conglomerate    4         370   2.25E+00   2.29E+01  -4.38E+01   1.21E+02
conglomerate    4         371   2.31E+00   2.35E+01  -3.67E+01   1.11E+02
conglomerate    4         372   2.31E+00   1.92E+01  -3.86E+01   1.19E+02
conglomerate    4         373   2.27E+00   1.32E+01  -4.22E+01   1.20E+02
conglomerate    4         374   2.30E+00   1.64E+01  -3.50E+01   1.08E+02
conglomerate    4         375   2.31E+00   2.48E+01  -3.17E+01   1.25E+02
conglomerate    4         376   2.40E+00   2.15E+01  -3.73E+01   1.06E+02
conglomerate    4         377   2.33E+00   1.71E+01  -4.12E+01   1.01E+02
conglomerate    4         378   2.37E+00   1.44E+01  -3.50E+01   8.72E+01
conglomerate    4         379   2.32E+00   1.60E+01  -4.53E+01   1.17E+02
conglomerate    4         380   2.29E+00   2.04E+01  -4.07E+01   8.75E+01
conglomerate    4         381   2.25E+00   2.16E+01  -3.56E+01   1.14E+02
conglomerate    4         382   2.18E+00   1.92E+01  -3.61E+01   1.21E+02
conglomerate    4         383   2.31E+00   1.84E+01  -4.01E+01   1.05E+02
conglomerate    4         384   2.34E+00   2.27E+01  -3.02E+01   1.08E+02
conglomerate    4         385   2.31E+00   1.98E+01  -3.56E+01   1.30E+02
conglomerate    4         386   2.34E+00   2.17E+01  -3.76E+01   1.48E+02
conglomerate    4         387   2.32E+00   2.26E+01  -3.93E+01   1.07E+02
conglomerate    4         388   2.35E+00   1.83E+01  -4.30E+01   1.17E+02
conglomerate    4         389   2.29E+00   1.59E+01  -4.53E+01   1.13E+02
conglomerate    4         390   2.41E+00   2.56E+01  -3.87E+01   1.22E+02
conglomerate    4         391   2.26E+00   1.70E+01  -3.67E+01   1.04E+02
conglomerate    4         392   2.39E+00   2.25E+01  -4.58E+01   1.21E+02
conglomerate    4         393   2.32E+00   2.38E+01  -4.33E+01   1.21E+02
conglomerate    4         394   2.31E+00   2.11E+01  -4.31E+01   1.26E+02
conglomerate    4         395   2.41E+00   2.05E+01  -3.92E+01   1.11E+02
conglomerate    4         396   2.30E+00   2.18E+01  -4.32E+01   1.03E+02
conglomerate    4         397   2.34E+00   2.11E+01  -3.46E+01   1.08E+02
conglomerate    4         398   2.25E+00   1.89E+01  -4.23E+01   1.40E+02
conglomerate    4         399   2.23E+00   2.17E+01  -3.59E+01   1.00E+02
conglomerate    4         400   2.17E+00   2.05E+01  -3.72E+01   1.07E+02
conglomerate    4         401   2.26E+00   2.01E+01  -3.71E+01   1.31E+02
conglomerate    4         402   2.32E+00   2.10E+01  -2.90E+01   1.24E+02
conglomerate    4         403   2.25E+00   1.67E+01  -3.89E+01   1.19E+02
conglomerate    4         404   2.29E+00   1.73E+01  -4.17E+01   1.24E+02
conglomerate    4         405   2.25E+00   1.91E+01  -3.50E+01   9.14E+01
conglomerate    4         406   2.32E+00   1.90E+01  -3.58E+01   1.17E+02
conglomerate    4         407   2.41E+00   1.90E+01  -4.64E+01   1.22E+02
conglomerate    4         408   2.26E+00   1.35E+01  -3.80E+01   1.08E+02
conglomerate    4         409   2.29E+00   2.16E+01  -4.17E+01   1.06E+02
conglomerate    4         410   2.24E+00   1.77E+01  -4.27E+01   1.11E+02
conglomerate    4         411   2.33E+00   1.95E+01  -4.26E+01   9.51E+01
conglomerate    4         412   2.30E+00   1.83E+01  -2.67E+01   8.53E+01
conglomerate    4         413   2.27E+00   1.88E+01  -3.59E+01   9.42E+01
conglomerate    4         414   2.35E+00   1.95E+01  -3.78E+01   1.02E+02
conglomerate    4         415   2.29E+00   1.94E+01  -3.60E+01   1.34E+02
conglomerate    4         416   2.27E+00   1.59E+01  -3.94E+01   1.22E+02
conglomerate    4         417   2.28E+00   2.02E+01  -3.25E+01   1.11E+02
conglomerate    4         418   2.34E+00   2.00E+01  -4.72E+01   1.12E+02
conglomerate    4         419   2.34E+00   2.29E+01  -3.74E+01   1.09E+02
conglomerate    4         420   2.25E+00   2.05E+01  -3.61E+01   1.08E+02
conglomerate    4         421   2.31E+00   2.00E+01  -3.41E+01   1.16E+02
conglomerate    4         422   2.31E+00   1.81E+01  -4.28E+01   9.76E+01
conglomerate    4         423   2.36E+00   2.24E+01  -3.64E+01   9.89E+01
conglomerate    4         424   2.36E+00   2.05E+01  -3.67E+01   9.71E+01
conglomerate    4         425   2.34E+00   2.31E+01  -4.06E+01   1.03E+02
conglomerate    4         426   2.27E+00   2.18E+01  -3.61E+01   1.12E+02
conglomerate    4         427   2.30E+00   2.17E+01  -3.86E+01   1.14E+02
conglomerate    4         428   2.22E+00   1.98E+01  -4.13E+01   9.34E+01
conglomerate    4         429   2.25E+00   1.87E+01  -4.21E+01   1.16E+02
conglomerate    4         430   2.28E+00   1.76E+01  -3.42E+01   1.21E+02
conglomerate    4         431   2.39E+00   2.02E+01  -4.09E+01   1.25E+02
conglomerate    4         432   2.25E+00   2.19E+01  -2.81E+01   1.27E+02
conglomerate    4         433   2.30E+00   1.80E+01  -4.22E+01   1.37E+02
conglomerate    4         434   2.42E+00   1.88E+01  -3.54E+01   1.17E+02
conglomerate    4         435   2.33E+00   1.81E+01  -3.82E+01   9.65E+01
conglomerate    4         436   2.32E+00   1.57E+01  -3.90E+01   1.19E+02
conglomerate    4         437   2.31E+00   2.19E+01  -4.66E+01   1.23E+02
conglomerate    4         438   2.34E+00   1.66E+01  -3.93E+01   1.09E+02
conglomerate    4         439   2.25E+00   2.03E+01  -3.92E+01   1.10E+02
conglomerate    4         440   2.28E+00   2.07E+01  -4.51E+01   1.21E+02
conglomerate    4         441   2.32E+00   2.27E+01  -4.30E+01   1.06E+02
conglomerate    4         442   2.31E+00   1.85E+01  -4.10E+01   1.17E+02
conglomerate    4         443   2.24E+00   1.89E+01  -3.89E+01   1.05E+02
conglomerate    4         444   2.24E+00   1.96E+01  -4.47E+01   1.07E+02
conglomerate    4         445   2.28E+00   1.89E+01  -3.92E+01   1.09E+02
conglomerate    4         446   2.23E+00   1.64E+01  -4.06E+01   9.12E+01
conglomerate    4         447   2.36E+00   1.86E+01  -3.50E+01   9.61E+01
conglomerate    4         448   2.30E+00   2.16E+01  -4.00E+01   1.20E+02
conglomerate    4         449   2.36E+00   1.89E+01  -3.88E+01   8.91E+01
conglomerate    4         450   2.36E+00   2.02E+01  -3.25E+01   1.06E+02
conglomerate    4         451   2.31E+00   2.40E+01  -4.45E+01   1.12E+02
conglomerate    4         452   2.33E+00   1.95E+01  -4.47E+01   1.05E+02
conglomerate    4         453   2.28E+00   1.54E+01  -3.91E+01   1.09E+02
conglomerate    4         454   2.32E+00   2.09E+01  -3.52E+01   1.07E+02
conglomerate    4         455   2.31E+00   1.87E+01  -3.81E+01   8.29E+01
conglomerate    4         456   2.31E+00   2.09E+01  -3.54E+01   9.72E+01
conglomerate    4         457   2.26E+00   2.02E+01  -4.34E+01   1.21E+02
conglomerate    4         458   2.31E+00   1.80E+01  -4.04E+01   1.23E+02
conglomerate    4         459   2.41E+00   2.03E+01  -3.44E+01   1.12E+02
conglomerate    4         460   2.38E+00   2.25E+01  -4.55E+01   1.34E+02
conglomerate    4         461   2.29E+00   1.81E+01  -4.48E+01   1.17E+02
conglomerate    4         462   2.34E+00   2.20E+01  -3.21E+01   1.16E+02
conglomerate    4         463   2.31E+00   1.70E+01  -3.90E+01   1.26E+02
conglomerate    4         464   2.24E+00   1.77E+01  -4.55E+01   1.10E+02
conglomerate    4         465   2.32E+00   1.89E+01  -3.75E+01   1.24E+02
conglomerate    4         466   2.26E+00   2.02E+01  -3.53E+01   1.17E+02
conglomerate    4         467   2.30E+00   1.71E+01  -4.45E+01   9.57E+01
conglomerate    4         468   2.26E+00   2.06E+01  -4.20E+01   1.20E+02
conglomerate    4         469   2.35E+00   2.47E+01  -4.15E+01   1.33E+02
conglomerate    4         470   2.31E+00   1.73E+01  -3.87E+01   1.25E+02
conglomerate    4         471   2.24E+00   2.52E+01  -3.90E+01   1.32E+02
conglomerate    4         472   2.36E+00   2.20E+01  -3.87E+01   1.04E+02
conglomerate    4         473   2.37E+00   1.79E+01  -4.32E+01   8.93E+01
conglomerate    4         474   2.26E+00   2.05E+01  -3.54E+01   9.67E+01
conglomerate    4         475   2.32E+00   2.07E+01  -4.12E+01   1.00E+02
conglomerate    4         476   2.16E+00   1.96E+01  -3.82E+01   1.11E+02
conglomerate    4         477   2.43E+00   2.10E+01  -3.77E+01   1.04E+02
conglomerate    4         478   2.26E+00   1.72E+01  -4.13E+01   1.20E+02
conglomerate    4         479   2.32E+00   2.25E+01  -4.01E+01   8.74E+01
conglomerate    4         480   2.14E+00   2.06E+01  -3.90E+01   1.19E+02
conglomerate    4         481   2.25E+00   2.27E+01  -4.35E+01   1.22E+02
conglomerate    4         482   2.27E+00   2.17E+01  -5.23E+01   1.02E+02
conglomerate    4         483   2.36E+00   1.99E+01  -4.11E+01   1.25E+02
conglomerate    4         484   2.27E+00   1.75E+01  -4.06E+01   8.81E+01
conglomerate    4         485   2.29E+00   1.95E+01  -4.45E+01   1.23E+02
conglomerate    4         486   2.32E+00   1.55E+01  -3.61E+01   1.28E+02
conglomerate    4         487   2.29E+00   1.87E+01  -3.64E+01   9.77E+01
conglomerate    4         488   2.24E+00   2.23E+01  -3.81E+01   1.10E+02
conglomerate    4         489   2.24E+00   1.82E+01  -4.18E+01   1.12E+02
conglomerate    4         490   2.35E+00   1.90E+01  -4.17E+01   1.05E+02
conglomerate    4         491   2.31E+00   2.08E+01  -3.15E+01   1.04E+02
conglomerate    4         492   2.24E+00   1.98E+01  -3.50E+01   1.07E+02
conglomerate    4         493   2.32E+00   2.06E+01  -4.47E+01   1.18E+02
conglomerate    4         494   2.24E+00   1.95E+01  -3.96E+01   9.48E+01
conglomerate    4         495   2.30E+00   2.22E+01  -4.62E+01   1.13E+02
conglomerate    4         496   2.29E+00   1.86E+01  -3.92E+01   1.01E+02
conglomerate    4         497   2.37E+00   1.82E+01  -4.02E+01   8.58E+01
conglomerate    4         498   2.29E+00   1.93E+01  -3.79E+01   1.00E+02
conglomerate    4         499   2.38E+00   2.16E+01  -3.95E+01   1.17E+02
conglomerate    4         500   2.24E+00   1.81E+01  -3.13E+01   9.97E+01
conglomerate    4         501   2.25E+00   2.10E+01  -3.80E+01   1.13E+02
conglomerate    4         502   2.45E+00   2.10E+01  -3.89E+01   1.10E+02
conglomerate    4         503   2.29E+00   1.77E+01  -4.16E+01   1.03E+02
conglomerate    4         504   2.32E+00   2.22E+01  -3.16E+01   1.11E+02
conglomerate    4         505   2.24E+00   2.06E+01  -4.15E+01   1.15E+02
conglomerate    4         506   2.29E+00   2.05E+01  -4.32E+01   9.50E+01
conglomerate    4         507   2.24E+00   2.06E+01  -4.49E+01   1.13E+02
conglomerate    4         508   2.34E+00   2.27E+01  -3.55E+01   1.10E+02
conglomerate    4         509   2.25E+00   2.48E+01  -4.64E+01   1.25E+02
conglomerate    4         510   2.28E+00   1.88E+01  -3.66E+01   1.01E+02
conglomerate    4         511   2.20E+00   1.65E+01  -3.82E+01   1.14E+02
conglomerate    4         512   2.33E+00   2.05E+01  -3.53E+01   9.77E+01
conglomerate    4         513   2.25E+00   1.83E+01  -4.51E+01   9.61E+01
conglomerate    4         514   2.36E+00   2.02E+01  -4.11E+01   1.07E+02
conglomerate    4         515   2.25E+00   2.18E+01  -4.31E+01   1.11E+02
conglomerate    4         516   2.30E+00   1.77E+01  -3.69E+01   1.09E+02
conglomerate    4         517   2.29E+00   2.50E+01  -3.40E+01   9.48E+01
conglomerate    4         518   2.20E+00   2.22E+01  -4.35E+01   1.26E+02
conglomerate    4         519   2.38E+00   2.04E+01  -4.38E+01   1.14E+02
conglomerate    4         520   2.24E+00   2.13E+01  -4.07E+01   1.22E+02
conglomerate    4         521   2.37E+00   2.30E+01  -4.68E+01   1.15E+02
conglomerate    4         522   2.33E+00   2.09E+01  -3.85E+01   1.19E+02
conglomerate    4         523   2.30E+00   1.78E+01  -4.37E+01   7.23E+01
conglomerate    4         524   2.30E+00   1.97E+01  -4.89E+01   1.08E+02
conglomerate    4         525   2.30E+00   2.18E+01  -4.11E+01   1.16E+02
conglomerate    4         526   2.25E+00   1.90E+01  -4.05E+01   1.23E+02
conglomerate    4         527   2.33E+00   2.01E+01  -4.06E+01   1.37E+02
conglomerate    4         528   2.26E+00   2.05E+01  -4.07E+01   1.11E+02
conglomerate    4         529   2.25E+00   2.04E+01  -4.59E+01   9.81E+01
conglomerate    4         530   2.28E+00   2.24E+01  -3.90E+01   1.02E+02
conglomerate    4         531   2.33E+00   1.95E+01  -3.17E+01   1.24E+02
conglomerate    4         532   2.34E+00   1.97E+01  -3.31E+01   1.09E+02
conglomerate    4         533   2.28E+00   2.16E+01  -3.08E+01   1.20E+02
conglomerate    4         534   2.31E+00   1.91E+01  -3.49E+01   1.14E+02
conglomerate    4         535   2.24E+00   2.27E+01  -5.08E+01   1.07E+02
conglomerate    4         536   2.35E+00   2.10E+01  -3.41E+01   1.48E+02
conglomerate    4         537   2.28E+00   2.18E+01  -2.84E+01   1.04E+02
conglomerate    4         538   2.29E+00   2.03E+01  -4.42E+01   1.17E+02
conglomerate    4         539   2.26E+00   1.83E+01  -3.84E+01   9.97E+01
conglomerate    4         540   2.14E+00   2.28E+01  -3.81E+01   1.06E+02
conglomerate    4         541   2.21E+00   2.07E+01  -3.12E+01   9.43E+01
conglomerate    4         542   2.30E+00   1.74E+01  -3.59E+01   8.85E+01
conglomerate    4         543   2.28E+00   1.92E+01  -4.56E+01   1.15E+02
conglomerate    4         544   2.32E+00   1.45E+01  -4.02E+01   1.24E+02
conglomerate    4         545   2.34E+00   1.69E+01  -4.12E+01   1.19E+02
conglomerate    4         546   2.26E+00   2.03E+01  -3.36E+01   1.37E+02
conglomerate    4         547   2.26E+00   2.10E+01  -3.96E+01   1.00E+02
conglomerate    4         548   2.41E+00   1.86E+01  -3.87E+01   1.04E+02
conglomerate    4         549   2.33E+00   2.09E+01  -3.99E+01   1.10E+02
conglomerate    4         550   2.25E+00   2.24E+01  -3.60E+01   1.26E+02
conglomerate    4         551   2.24E+00   2.39E+01  -4.44E+01   8.81E+01
conglomerate    4         552   2.41E+00   1.93E+01  -5.22E+01   1.21E+02
conglomerate    4         553   2.40E+00   1.84E+01  -4.88E+01   1.10E+02
conglomerate    4         554   2.33E+00   2.19E+01  -3.86E+01   1.32E+02
conglomerate    4         555   2.21E+00   2.24E+01  -4.18E+01   9.97E+01
conglomerate    4         556   2.33E+00   1.81E+01  -3.89E+01   1.17E+02
conglomerate    4         557   2.34E+00   1.76E+01  -4.05E+01   1.08E+02
conglomerate    4         558   2.23E+00   2.68E+01  -4.05E+01   9.58E+01
conglomerate    4         559   2.30E+00   2.24E+01  -4.18E+01   1.03E+02
conglomerate    4         560   2.36E+00   2.38E+01  -3.59E+01   1.05E+02
conglomerate    4         561   2.31E+00   1.89E+01  -3.76E+01   1.07E+02
conglomerate    4         562   2.35E+00   2.00E+01  -4.29E+01   1.21E+02
conglomerate    4         563   2.24E+00   2.04E+01  -3.56E+01   1.07E+02
conglomerate    4         564   2.46E+00   2.28E+01  -3.31E+01   9.17E+01
conglomerate    4         565   2.30E+00   1.73E+01  -4.47E+01   1.26E+02
conglomerate    4         566   2.34E+00   1.93E+01  -4.04E+01   1.17E+02
conglomerate    4         567   2.35E+00   1.99E+01  -4.05E+01   9.35E+01
conglomerate    4         568   2.30E+00   2.17E+01  -4.52E+01   1.14E+02
conglomerate    4         569   2.36E+00   1.52E+01  -3.92E+01   1.13E+02
conglomerate    4         570   2.27E+00   1.80E+01  -4.34E+01   1.06E+02
conglomerate    4         571   2.30E+00   1.61E+01  -3.81E+01   9.95E+01
conglomerate    4         572   2.26E+00   1.92E+01  -3.66E+01   9.50E+01
conglomerate    4         573   2.30E+00   1.73E+01  -4.57E+01   1.26E+02
conglomerate    4         574   2.24E+00   1.72E+01  -4.36E+01   1.08E+02
conglomerate    4         575   2.36E+00   1.92E+01  -4.33E+01   1.08E+02
conglomerate    4         576   2.24E+00   2.03E+01  -4.38E+01   8.27E+01
conglomerate    4         577   2.25E+00   1.94E+01  -4.71E+01   1.27E+02
conglomerate    4         578   2.37E+00   1.97E+01  -3.92E+01   1.17E+02
conglomerate    4         579   2.34E+00   2.04E+01  -4.00E+01   1.01E+02
conglomerate    4         580   2.36E+00   1.92E+01  -3.82E+01   1.17E+02
conglomerate    4         581   2.35E+00   2.03E+01  -4.03E+01   1.19E+02
conglomerate    4         582   2.24E+00   1.94E+01  -4.75E+01   1.20E+02
conglomerate    4         583   2.26E+00   1.58E+01  -3.71E+01   1.30E+02
conglomerate    4         584   2.33E+00   1.77E+01  -4.22E+01   1.18E+02
conglomerate    4         585   2.35E+00   2.24E+01  -4.57E+01   9.77E+01
conglomerate    4         586   2.31E+00   2.02E+01  -4.31E+01   1.18E+02
conglomerate    4         587   2.34E+00   1.78E+01  -3.53E+01   1.10E+02
conglomerate    4         588   2.43E+00   1.92E+01  -3.75E+01   1.20E+02
conglomerate    4         589   2.31E+00   1.62E+01  -3.89E+01   1.08E+02
conglomerate    4         590   2.30E+00   1.77E+01  -4.49E+01   1.21E+02
conglomerate    4         591   2.26E+00   1.96E+01  -4.43E+01   1.13E+02
conglomerate    4         592   2.32E+00   1.77E+01  -3.41E+01   1.22E+02
conglomerate    4         593   2.31E+00   2.16E+01  -3.43E+01   1.06E+02
conglomerate    4         594   2.32E+00   2.01E+01  -3.90E+01   1.38E+02
conglomerate    4         595   2.30E+00   1.87E+01  -3.99E+01   1.07E+02
conglomerate    4         596   2.21E+00   2.09E+01  -4.43E+01   8.89E+01
conglomerate    4         597   2.24E+00   2.14E+01  -4.55E+01   1.14E+02
conglomerate    4         598   2.23E+00   1.91E+01  -4.00E+01   1.06E+02
conglomerate    4         599   2.26E+00   2.02E+01  -4.47E+01   8.63E+01
conglomerate    4         600   2.21E+00   2.17E+01  -3.68E+01   1.17E+02
conglomerate    4         601   2.35E+00   1.60E+01  -4.16E+01   1.20E+02
conglomerate    4         602   2.32E+00   1.61E+01  -3.93E+01   1.25E+02
conglomerate    4         603   2.38E+00   1.95E+01  -4.57E+01   9.67E+01
conglomerate    4         604   2.28E+00   1.79E+01  -3.61E+01   1.16E+02
conglomerate    4         605   2.20E+00   1.85E+01  -4.20E+01   1.12E+02
conglomerate    4         606   2.25E+00   2.28E+01  -4.08E+01   1.08E+02
conglomerate    4         607   2.29E+00   2.00E+01  -5.22E+01   1.20E+02
conglomerate    4         608   2.30E+00   1.75E+01  -3.76E+01   1.42E+02
conglomerate    4         609   2.29E+00   1.99E+01  -3.84E+01   1.12E+02
conglomerate    4         610   2.32E+00   2.19E+01  -3.85E+01   1.00E+02
conglomerate    4         611   2.23E+00   1.86E+01  -3.42E+01   1.21E+02
conglomerate    4         612   2.35E+00   2.09E+01  -4.86E+01   1.11E+02
conglomerate    4         613   2.29E+00   1.90E+01  -3.55E+01   1.11E+02
conglomerate    4         614   2.25E+00   1.97E+01  -4.11E+01   1.01E+02
conglomerate    4         615   2.35E+00   1.95E+01  -4.13E+01   9.14E+01
conglomerate    4         616   2.28E+00   1.94E+01  -3.88E+01   9.99E+01
conglomerate    4         617   2.31E+00   2.44E+01  -3.88E+01   1.31E+02
conglomerate    4         618   2.33E+00   1.80E+01  -4.12E+01   1.02E+02
conglomerate    4         619   2.28E+00   1.89E+01  -4.10E+01   9.96E+01
conglomerate    4         620   2.33E+00   2.09E+01  -4.60E+01   1.13E+02
conglomerate    4         621   2.26E+00   2.33E+01  -3.95E+01   1.24E+02
conglomerate    4         622   2.30E+00   1.75E+01  -3.50E+01   1.02E+02
conglomerate    4         623   2.25E+00   1.78E+01  -3.47E+01   1.20E+02
conglomerate    4         624   2.31E+00   2.12E+01  -4.47E+01   1.26E+02
conglomerate    4         625   2.28E+00   2.01E+01  -4.47E+01   1.02E+02
conglomerate    4         626   2.25E+00   2.20E+01  -4.14E+01   1.16E+02
conglomerate    4         627   2.34E+00   2.10E+01  -4.48E+01   1.22E+02
conglomerate    4         628   2.21E+00   2.02E+01  -4.20E+01   1.09E+02
Crystalline     5         629   2.79E+00   4.59E+01   6.71E+01   5.73E+01
Crystalline     5         630   2.79E+00   3.95E+01   6.02E+01   5.24E+01
Crystalline     5         631   2.74E+00   4.18E+01   6.90E+01   4.87E+01
Crystalline     5         632   2.75E+00   3.61E+01   7.64E+01   4.19E+01
Crystalline     5         633   2.75E+00   4.13E+01   6.22E+01   3.65E+01
Crystalline     5         634   2.67E+00   3.97E+01   6.17E+01   5.30E+01
Crystalline     5         635   2.73E+00   3.43E+01   8.49E+01   4.84E+01
Crystalline     5         636   2.76E+00   3.81E+01   7.26E+01   5.32E+01
Crystalline     5         637   2.81E+00   4.20E+01   7.28E+01   4.89E+01
Crystalline     5         638   2.75E+00   3.63E+01   7.44E+01   5.61E+01
Crystalline     5         639   2.75E+00   4.18E+01   7.91E+01   5.15E+01
Crystalline     5         640   2.82E+00   4.23E+01   7.26E+01   6.49E+01
Crystalline     5         641   2.73E+00   4.16E+01   6.76E+01   3.95E+01
Crystalline     5         642   2.74E+00   4.08E+01   5.36E+01   5.08E+01
Crystalline     5         643   2.74E+00   4.27E+01   7.14E+01   7.05E+01
Crystalline     5         644   2.75E+00   4.16E+01   7.16E+01   5.71E+01
Crystalline     5         645   2.85E+00   4.99E+01   7.48E+01   4.35E+01
Crystalline     5         646   2.63E+00   4.04E+01   6.73E+01   6.25E+01
Crystalline     5         647   2.73E+00   4.12E+01   7.44E+01   4.82E+01
Crystalline     5         648   2.85E+00   4.09E+01   6.80E+01   4.78E+01
Crystalline     5         649   2.67E+00   4.12E+01   6.68E+01   5.10E+01
Crystalline     5         650   2.72E+00   3.23E+01   7.33E+01   6.25E+01
Crystalline     5         651   2.71E+00   4.07E+01   5.97E+01   5.34E+01
Crystalline     5         652   2.74E+00   4.25E+01   7.35E+01   5.73E+01
Crystalline     5         653   2.67E+00   4.01E+01   7.22E+01   5.33E+01
Crystalline     5         654   2.72E+00   4.69E+01   6.95E+01   6.86E+01
Crystalline     5         655   2.74E+00   3.44E+01   7.51E+01   6.15E+01
Crystalline     5         656   2.76E+00   4.04E+01   7.00E+01   5.43E+01
Crystalline     5         657   2.68E+00   4.34E+01   6.99E+01   3.62E+01
Crystalline     5         658   2.77E+00   3.86E+01   7.79E+01   5.25E+01
Crystalline     5         659   2.66E+00   4.07E+01   6.17E+01   5.83E+01
Crystalline     5         660   2.72E+00   3.88E+01   6.34E+01   5.26E+01
Crystalline     5         661   2.62E+00   4.23E+01   6.27E+01   5.37E+01
Crystalline     5         662   2.85E+00   3.88E+01   7.75E+01   5.47E+01
Crystalline     5         663   2.60E+00   3.52E+01   7.16E+01   4.47E+01
Crystalline     5         664   2.82E+00   3.56E+01   6.85E+01   5.54E+01
Crystalline     5         665   2.69E+00   4.73E+01   8.00E+01   6.17E+01
Crystalline     5         666   2.76E+00   4.83E+01   5.07E+01   6.11E+01
Crystalline     5         667   2.80E+00   3.49E+01   6.05E+01   4.83E+01
Crystalline     5         668   2.76E+00   4.55E+01   7.18E+01   6.23E+01
Crystalline     5         669   2.77E+00   3.96E+01   7.23E+01   5.35E+01
Crystalline     5         670   2.72E+00   4.38E+01   7.39E+01   5.01E+01
Crystalline     5         671   2.73E+00   4.47E+01   7.35E+01   6.83E+01
Crystalline     5         672   2.78E+00   4.31E+01   6.45E+01   6.04E+01
Crystalline     5         673   2.69E+00   3.74E+01   6.81E+01   6.24E+01
Crystalline     5         674   2.68E+00   4.45E+01   7.12E+01   5.82E+01
Crystalline     5         675   2.84E+00   3.42E+01   7.37E+01   4.67E+01
Crystalline     5         676   2.74E+00   3.43E+01   7.20E+01   5.53E+01
Crystalline     5         677   2.75E+00   4.90E+01   8.27E+01   5.50E+01
Crystalline     5         678   2.79E+00   4.36E+01   6.28E+01   6.21E+01
Crystalline     5         679   2.68E+00   4.48E+01   6.67E+01   5.52E+01
Crystalline     5         680   2.73E+00   4.31E+01   6.70E+01   5.18E+01
Crystalline     5         681   2.82E+00   4.36E+01   5.96E+01   5.14E+01
Crystalline     5         682   2.70E+00   3.88E+01   6.08E+01   5.72E+01
Crystalline     5         683   2.76E+00   4.55E+01   7.23E+01   5.17E+01
Crystalline     5         684   2.83E+00   4.29E+01   7.82E+01   6.07E+01
Crystalline     5         685   2.74E+00   4.31E+01   5.59E+01   5.91E+01
Crystalline     5         686   2.69E+00   3.46E+01   5.93E+01   6.73E+01
Crystalline     5         687   2.74E+00   4.04E+01   6.87E+01   5.40E+01
Crystalline     5         688   2.76E+00   3.98E+01   6.51E+01   5.68E+01
Crystalline     5         689   2.82E+00   4.37E+01   6.42E+01   6.82E+01
Crystalline     5         690   2.74E+00   3.46E+01   7.73E+01   5.73E+01
Crystalline     5         691   2.78E+00   3.44E+01   7.73E+01   5.39E+01
Crystalline     5         692   2.86E+00   4.17E+01   8.46E+01   6.28E+01
Crystalline     5         693   2.63E+00   4.57E+01   6.35E+01   5.54E+01
Crystalline     5         694   2.83E+00   3.20E+01   7.30E+01   5.33E+01
Crystalline     5         695   2.68E+00   3.92E+01   6.97E+01   4.77E+01
Crystalline     5         696   2.68E+00   4.81E+01   8.46E+01   5.60E+01
Crystalline     5         697   2.77E+00   3.81E+01   5.53E+01   5.86E+01
Crystalline     5         698   2.79E+00   3.64E+01   6.60E+01   4.86E+01
