Litologia codigo prof RHOB GR SP DT
shale2 1 10.0 1.5004029263514622 56.475252642915635 32.29800705377453 283.85379402600796
shale2 1 20.0 1.8591340880419556 62.652083665017756 44.78055908909237 327.76019368495326
shale2 1 30.0 1.9772867458045815 81.47241251712563 60.5181002983572 349.23968599107474
shale2 1 40.0 2.3353171946659796 82.02335000389246 78.16684609190018 380.7992473275381
shale2 1 50.0 2.432004348587579 85.64455809438185 66.51486434974981 437.8807033196641
shale2 1 60.0 2.443407963481236 103.86884965866463 67.04842501663995 506.083193680221
shale2 1 70.0 2.544008396446313 93.06385492937282 47.15890685375291 496.953772464284
shale2 1 80.0 2.4063608322143533 110.84951436945587 59.65885937773361 463.2548435867937
shale2 1 90.0 2.479566346311019 97.36922657900008 55.19304958725594 560.0971703927987
shale2 1 100.0 2.4361551226214733 115.93242029864358 71.70829111874916 527.7573057780737
shale2 1 110.0 2.583202389568419 107.28379459814911 59.98253536739348 524.5466891003284
shale2 1 120.0 2.5030273044251157 105.03926602738798 76.73554319332048 553.0200535633062
shale2 1 130.0 2.396076241903239 106.46376047111869 83.19374405290371 520.9572931182879
shale2 1 140.0 2.3727937199868667 116.1712958375491 61.51082887191727 626.5454905198847
shale2 1 150.0 2.4597649682754144 113.12369480885033 77.3520641057513 499.3817061695175
shale2 1 160.0 2.4350539777409477 101.85634403626443 55.204861231909554 472.5680875051611
shale2 1 170.0 2.4950126653005635 100.092675415365 68.85278924208059 552.4115594375163
shale2 1 180.0 2.6155230187674743 108.90713386120534 49.597656595567045 575.3779735375952
shale2 1 190.0 2.6368877037626444 119.9470673455865 72.49715145329965 537.4738788215044
shale2 1 200.0 2.665686494851772 118.96485071402816 78.3066997726533 526.3476839293297
shale2 1 210.0 2.600401628221401 121.3735393761741 84.59018075139603 543.1472175695557
shale2 1 220.0 2.437386550535538 127.80035280478893 74.26063190655853 544.579980603477
shale2 1 230.0 2.5498385173260796 112.3275969229786 72.38282850648163 500.3008233209783
shale2 1 240.0 2.5303626167093225 106.8320603031668 60.63932202354333 533.7696185643326
shale2 1 250.0 2.5081100452010467 102.75947780579 89.43846001174221 513.0772781516641
shale2 1 260.0 2.487513702393462 101.47197208510886 82.21218749262266 479.9085350739875
shale2 1 270.0 2.5141452336665617 108.80579201648405 73.01789123503649 498.1527902075703
shale2 1 280.0 2.418037091204476 123.71514864360732 81.18120260348402 536.5976940632461
shale2 1 290.0 2.3878138191647773 108.60351698942577 77.0689590690739 491.6929718575525
shale2 1 300.0 2.4954447199257537 104.07202500465466 83.05289298631021 487.7225382532512
shale2 1 310.0 2.531024774583103 106.92394472410912 74.89746957036414 503.4670322251684
shale2 1 320.0 2.421921022193728 125.03898072517694 60.59127096467056 510.2456030833053
shale2 1 330.0 2.602578836568291 97.54537056142878 61.341232896491185 523.0854342622331
shale2 1 340.0 2.5866599544390083 123.25945305605688 59.22957438838067 506.69758335772616
shale2 1 350.0 2.381803975691853 106.0652998212626 86.76209341816208 505.2421562158378
shale2 1 360.0 2.3228422098395525 95.22062271629996 68.32555296431927 556.6191082695184
shale2 1 370.0 2.4466361315956964 113.98632570096639 74.0072287304006 541.613310423872
shale2 1 380.0 2.466782388202951 112.08907381972273 77.79907755177126 512.20031067258
shale2 1 390.0 2.5686019671082323 115.13856904303205 59.863972910214095 545.4658045977787
shale2 1 400.0 2.553588790752793 107.60738522927367 58.043754808292746 496.16188254775307
shale2 1 410.0 2.4254209026567626 115.16422170769316 41.8261225347492 524.2392763172209
shale2 1 420.0 2.613923396729116 111.74118744918574 77.31725544904288 537.7752466209772
shale2 1 430.0 2.6365731757749273 106.98641308547685 71.93657433944648 552.4968454345144
shale2 1 440.0 2.461765713326484 116.32004120572688 59.969449991293104 493.0466067549297
shale2 1 450.0 2.5883502707666786 113.6884071175715 66.90079755886089 474.5979165891537
shale2 1 460.0 2.654385142006518 112.13764161425172 75.46069410836107 531.480741546506
shale2 1 470.0 2.4969592127527305 106.99985371604141 70.73396469386866 511.7433523254041
shale2 1 480.0 2.3845824586463227 112.9782203816466 76.12949612858074 526.4793150081498
shale2 1 490.0 2.67361820786716 118.08579187846347 87.47824281669988 526.6205074926861
shale2 1 500.0 2.600662037312361 98.60383920768709 72.07668411207793 533.7482636515925
shale2 1 510.0 2.5684576122253144 115.84732409154245 76.96252087142062 523.4575662345069
shale2 1 520.0 2.5917843358397237 114.69842039914721 81.87430779299932 530.0718409674867
shale2 1 530.0 2.331024667723527 110.49664684700866 58.139120500537416 569.1509216378533
shale2 1 540.0 2.5745463897100422 102.21048188531007 71.03040456626643 502.75932015404334
shale2 1 550.0 2.4152629450700327 111.45757089459234 44.4510805066832 494.4091683735227
shale2 1 560.0 2.48537159854326 93.15042050850141 48.57080439534962 489.73239635591267
shale2 1 570.0 2.494552738501494 103.59181408932564 31.513451912400424 480.0509667633713
shale2 1 580.0 2.5527860228661194 101.90075325135328 47.22659758637549 456.6860034673646
shale2 1 590.0 2.445551094496716 79.03890211933611 30.67728291810132 401.53291458928055
shale2 1 600.0 2.449520468412925 87.34719527639982 13.310224398160488 346.35430087307395
dolomite 2 610.0 2.5943227818201957 68.90982986511655 4.529953303442279 342.30828545495564
dolomite 2 620.0 2.4851926206988044 59.8083610254553 8.614897046111379 363.8869594502449
dolomite 2 630.0 2.719222345987319 67.77973754242873 -26.151442307577227 324.33550757851356
dolomite 2 640.0 2.5647962913008584 57.93066478141505 -28.48744905376207 254.46106251973907
dolomite 2 650.0 2.485268401167458 52.56629423214657 -29.02446030237407 244.02891626926464
dolomite 2 660.0 2.3763116202725443 51.43256126183854 -17.753754887228652 223.90557227517303
dolomite 2 670.0 2.4706584731605705 43.54847079845285 -70.50623360445354 190.6711563717858
dolomite 2 680.0 2.48970092628767 59.26594281463073 -75.99098187570382 207.53368555734596
dolomite 2 690.0 2.378456312947552 52.029605375190336 -49.54743030558007 216.65193087599343
dolomite 2 700.0 2.4899867656620494 47.80352172949639 -79.53604942539795 204.02254524774986
dolomite 2 710.0 2.4873070870169847 55.62613966057013 -70.64816195106165 184.30710588363917
dolomite 2 720.0 2.6731840088835255 40.26660482152819 -52.294583248170724 151.06762563892016
dolomite 2 730.0 2.352578363456844 38.80581756836793 -56.29592413169489 147.74511399369993
dolomite 2 740.0 2.6951997143708257 34.241865880547124 -57.51284900788699 145.65481041584022
dolomite 2 750.0 2.3704845148983313 49.55383400695161 -57.9802596442764 150.36157710940253
dolomite 2 760.0 2.4893742873468176 43.85667858048707 -60.370503494033784 166.2850413002258
dolomite 2 770.0 2.3252308805443085 45.2463365414529 -56.786824345179895 136.94208367091016
dolomite 2 780.0 2.51747767386972 29.903235478612444 -46.03765353642562 128.631745531406
dolomite 2 790.0 2.4504452174462923 32.5253552023949 -53.36473135048796 137.5866077093535
dolomite 2 800.0 2.5737214954783783 31.67922531759977 -45.24543995156465 125.85659277874302
dolomite 2 810.0 2.418726433971047 40.149223433007336 -74.77359631369728 183.269869813357
dolomite 2 820.0 2.475630183950583 41.93834901284992 -61.0918232644746 161.171076322524
dolomite 2 830.0 2.469152587788365 42.494745799529746 -45.153269731855836 160.4268509019672
dolomite 2 840.0 2.3328182698907143 45.02023943500782 -60.39722921146811 132.92377206807777
dolomite 2 850.0 2.3668331180268884 34.1792161332967 -67.93612010243345 101.37032407531076
dolomite 2 860.0 2.610733890486204 44.4632656144914 -52.08119629151537 143.64612599670372
dolomite 2 870.0 2.3109804202718527 28.55744835065184 -49.652657966376054 89.26189414877246
dolomite 2 880.0 2.507463920986 27.859474599611403 -56.41492768521266 162.98128970774212
dolomite 2 890.0 2.400382036090393 40.58889214896545 -67.71258237407976 93.0966538083793
dolomite 2 900.0 2.508491262879318 35.87603628008576 -52.84619071952296 98.92876964099132
dolomite 2 910.0 2.620897819193668 36.16776303398906 -55.30186634833754 193.21532603945533
dolomite 2 920.0 2.5268215348436294 40.11057249060467 -48.36934334903958 119.75449955629546
dolomite 2 930.0 2.3888439945359923 34.92977221099579 -66.65163464327405 118.08579961806798
dolomite 2 940.0 2.489478328768858 40.84483521410353 -53.44702953783029 132.19763491594537
dolomite 2 950.0 2.4636717310537257 35.08036635507354 -60.07103741654858 84.86055768092245
dolomite 2 960.0 2.393256095795986 27.04380638715701 -48.259560534140036 171.2327895776847
dolomite 2 970.0 2.5606157155298654 34.71882338781363 -52.75132817814795 204.35955641498484
dolomite 2 980.0 2.5311161350000315 35.80615673892969 -50.661195943203595 197.93474710983435
dolomite 2 990.0 2.489662423096738 28.19746187971992 -55.62222616451978 160.69066912074408
dolomite 2 1000.0 2.653997166740985 35.38437701470808 -62.30625362395072 141.56273541672135
dolomite 2 1010.0 2.546877978765173 44.97523635161624 -55.131252747612905 150.09532225341138
dolomite 2 1020.0 2.324133471321367 37.14132749034227 -59.6114442869796 159.65546480249142
dolomite 2 1030.0 2.53123775125218 61.44693827557465 -56.120940276417066 128.29471548135666
dolomite 2 1040.0 2.5658333693504574 37.31129617009521 -75.48309553619987 97.79840993326843
dolomite 2 1050.0 2.468676450570353 41.53560342606426 -65.49354835382053 219.90865444307832
dolomite 2 1060.0 2.5531171479273578 24.999260506606113 -59.02509441865246 118.48105450687714
dolomite 2 1070.0 2.5735775531298115 35.6936197756876 -65.31284344918689 160.4293155833479
dolomite 2 1080.0 2.5599975289863415 34.70189482477929 -58.15981475280985 137.39700736186316
dolomite 2 1090.0 2.381491507477247 38.94265847466742 -61.76520359133471 116.54403013025176
dolomite 2 1100.0 2.5663605230868796 44.46481207790624 -65.04389207841655 171.367274102691
dolomite 2 1110.0 2.5752128960671676 41.63258357126305 -50.68632735296562 133.64327039143095
dolomite 2 1120.0 2.420172556840105 46.49755261480711 -42.97408518549848 108.95274111192019
dolomite 2 1130.0 2.40500305927774 31.10865993980522 -51.55963480337757 116.99309985414827
dolomite 2 1140.0 2.4797655420000275 42.47175129075042 -32.432113526322354 124.91570974671102
dolomite 2 1150.0 2.637461651308176 42.41774680700006 -54.453310969250914 64.0540314564202
dolomite 2 1160.0 2.627501073820842 31.00364239552908 -38.50951085968485 160.68996015261195
diabase 3 1170.0 2.7592517632036837 39.03193586956924 -28.049007945278067 84.85176599166789
diabase 3 1180.0 2.7621372660283345 35.81171698024246 -11.188002743298691 102.46332846425453
diabase 3 1190.0 2.8618373359134637 33.171681749019825 0.6891671226525755 60.59113197173767
diabase 3 1200.0 2.801067979331932 22.05122458114294 -1.5720024859809296 34.04896463588828
diabase 3 1210.0 2.7202931054088255 31.969087201163948 -14.250175155537438 115.7309102345541
diabase 3 1220.0 2.82324130650321 22.339360357002427 -3.7477576518700464 65.68230443208145
diabase 3 1230.0 2.7511759381530143 36.82115990905231 0.645676935767518 73.02247649473195
diabase 3 1240.0 2.900259275588021 38.186798938873565 -1.6610037792578023 54.473606484665794
diabase 3 1250.0 2.685315833889421 36.41843671872492 -3.8040089298331403 73.74268826564614
diabase 3 1260.0 2.904279783486914 45.595673687334866 12.499967582887798 75.3743110385954
diabase 3 1270.0 2.985896926260541 33.88657070937317 2.8192515305021177 32.323486018914394
diabase 3 1280.0 2.8385384011198176 35.8402771582787 19.126134875855268 29.993436148292197
diabase 3 1290.0 2.8033015653951625 25.791062866580557 -15.95109346735962 28.7688398599248
diabase 3 1300.0 2.7501893974950433 33.31389705862584 -8.381929760895883 52.625803754106386
diabase 3 1310.0 2.8716589115012336 23.19816202646802 -0.045813360377213286 109.94207913031707
diabase 3 1320.0 2.8123618278012468 19.649749353292698 16.595295341539163 29.244943527331724
diabase 3 1330.0 2.8314282843721266 40.934636726048346 10.735229674004586 8.948929756882443
diabase 3 1340.0 2.6778036925815654 31.085896414018382 21.503001033407298 74.72638072227986
diabase 3 1350.0 2.81613019267115 34.696926559714136 25.773210832750298 54.60699162751027
diabase 3 1360.0 2.722500818167078 38.219392050484025 12.694479202472388 70.43488109177834
diabase 3 1370.0 2.724737113322768 25.54548169172313 21.176546028882893 44.57552410385674
diabase 3 1380.0 2.7888402108381816 29.722227805359427 11.56767699490991 57.17035782111003
diabase 3 1390.0 2.7699867091239385 24.67913784609428 9.989413511055073 85.8276093168005
diabase 3 1400.0 2.7438524558648427 21.83735296146895 -19.506416109088548 81.88268957819614
diabase 3 1410.0 2.742851819715068 32.46266648659916 7.434371036379422 15.799574339473558
diabase 3 1420.0 2.731303144282372 29.89663960704182 2.952077114720434 43.5188656476051
diabase 3 1430.0 2.785941339186752 16.87041014649123 4.243806102937538 38.35730261954407
diabase 3 1440.0 2.8937834295885745 25.58107431438066 -21.008484250917483 50.894845803982264
diabase 3 1450.0 2.7714502430549848 30.566602233382053 0.07066072622040487 72.04480667778375
diabase 3 1460.0 2.787263605547388 27.62997436531043 30.177355591037276 74.05800049879805
diabase 3 1470.0 2.696465502483917 25.34423696055376 -17.883046558388756 55.863630034751296
diabase 3 1480.0 2.809184200904568 38.66890703456078 -8.711641001962963 82.44899657006134
diabase 3 1490.0 2.6223117000675567 48.55970311187078 -29.787975664654653 91.4187883043013
dolomite 2 1500.0 2.47437931856159 34.14838909481861 -27.064883542553865 95.7757648115595
dolomite 2 1510.0 2.649379713262479 44.745883350986276 -23.752280096278895 62.61726125858463
dolomite 2 1520.0 2.6598092663450545 31.242229438467003 -50.522505855219855 124.4623184441654
dolomite 2 1530.0 2.557275745370306 38.94620721054168 -38.07879114643794 114.7897750762349
dolomite 2 1540.0 2.590037530751595 50.862128349961246 -47.688344036569546 150.424089133475
dolomite 2 1550.0 2.4750430776151586 55.15454028576739 -30.995055382729724 110.1693487730077
dolomite 2 1560.0 2.5452188574364234 42.66246738651176 -81.52128096196564 98.25295839723543
dolomite 2 1570.0 2.4263518038978615 36.90116238731972 -51.55397022023988 143.57905935301227
dolomite 2 1580.0 2.4478798630236227 22.32146307529522 -41.03674583468076 186.70309195852286
dolomite 2 1590.0 2.4540620229606733 42.13381644525493 -62.301987011882424 169.45735035377467
dolomite 2 1600.0 2.4929260045641444 37.04763406584742 -46.9995227627749 131.56199382596915
dolomite 2 1610.0 2.528239806859482 47.72740170729378 -70.62502496180393 34.09461932488102
dolomite 2 1620.0 2.3995445373598816 40.75748449800979 -58.11979044767029 135.60009134651273
dolomite 2 1630.0 2.5244897082139963 44.51067026534572 -39.58972139272745 146.4267877125798
dolomite 2 1640.0 2.504024277724612 41.289029040361065 -47.188329272641234 181.18131332137762
dolomite 2 1650.0 2.6776291576483526 29.162846376435656 -70.4510224152944 149.06126235082604
dolomite 2 1660.0 2.5386986365395745 37.244242159607076 -52.11240359609118 154.5491343387521
dolomite 2 1670.0 2.5612009621160357 26.706791149229783 -55.15100844180692 163.0827113451843
dolomite 2 1680.0 2.7051862488874256 30.800933062457126 -72.35777729431567 138.72551106929367
dolomite 2 1690.0 2.655105561292959 35.70334077990975 -55.2422690369578 145.65030099104558
dolomite 2 1700.0 2.551548651562856 35.103258324909 -57.18975344424206 58.271373766347935
dolomite 2 1710.0 2.711468414314854 49.4242647338951 -57.75290359908977 118.2841891722428
dolomite 2 1720.0 2.508454051944985 34.538480440015725 -43.63497029854598 166.15531029978757
dolomite 2 1730.0 2.5121145947525143 34.00879046168119 -54.98187399845343 88.49846526210641
dolomite 2 1740.0 2.3232448145911837 38.97407101244628 -65.1222168598222 152.52246565157358
dolomite 2 1750.0 2.504267563022784 48.386524504268735 -68.534355481229 127.68086764161691
dolomite 2 1760.0 2.5121079704332296 36.95987551388202 -67.5977919701552 85.2828319881007
dolomite 2 1770.0 2.4528277028108105 49.08364557431777 -75.65023386923855 146.6802372708264
dolomite 2 1780.0 2.399735243687469 36.38449000403419 -45.26265776769472 123.273070327726
dolomite 2 1790.0 2.626267082261422 39.4942063958572 -63.853661782545075 120.96660072393759
dolomite 2 1800.0 2.4063352560908684 42.75502367046449 -70.51374469145931 124.89581090191363
dolomite 2 1810.0 2.4022387691714333 41.00601046645133 -60.195809602599525 157.85164531397194
dolomite 2 1820.0 2.590310621982144 42.08233384868287 -59.68379477780977 125.59287571762374
dolomite 2 1830.0 2.706448506944708 35.7493869060853 -59.49388996089132 144.99887015228495
dolomite 2 1840.0 2.558418432618522 38.03630700800958 -51.69227334872163 153.03430933134308
dolomite 2 1850.0 2.3403034948236674 34.71568076918532 -73.41801249597427 148.59420792935157
dolomite 2 1860.0 2.5069828947917165 31.45276737383539 -63.24283454457776 88.41057933500076
dolomite 2 1870.0 2.414418864975482 26.512848003848855 -61.01232053430661 117.33565623217689
dolomite 2 1880.0 2.571705109530951 48.33393996703749 -58.07729539085528 121.56281258492527
dolomite 2 1890.0 2.524636292713864 28.786330955938368 -68.27017147044694 142.006594062455
dolomite 2 1900.0 2.5092252699698587 43.181881936866965 -75.5157242114227 156.80668578638887
dolomite 2 1910.0 2.33316184000566 45.703540399048556 -54.85353174948903 137.94358973286165
dolomite 2 1920.0 2.578849910528871 38.865515382438566 -49.14232464519572 153.74470742712856
dolomite 2 1930.0 2.4968310096737953 38.20598051389166 -58.21096059400127 161.65810223722582
dolomite 2 1940.0 2.666470576165369 30.618581728964934 -75.57677461252358 86.03889747472878
dolomite 2 1950.0 2.3958675514977026 42.27980614526587 -60.14253374315758 147.80621716898435
dolomite 2 1960.0 2.766529828101536 35.94527484023697 -72.40411118404707 195.37261790174577
dolomite 2 1970.0 2.5265303057090116 41.36112042008892 -75.23831013095173 93.99080478673642
dolomite 2 1980.0 2.4231877042895706 40.49081219351186 -54.866015025955264 70.06645579292957
dolomite 2 1990.0 2.366055771419926 47.490626703906564 -65.39006008473528 129.57683249120086
dolomite 2 2000.0 2.5022759078464714 34.83595650660851 -52.385533321225864 197.43030995533016
dolomite 2 2010.0 2.4804162409668518 44.92901624406801 -58.699869045225505 172.9058829300758
dolomite 2 2020.0 2.507024711753241 46.93324471126182 -65.70338395714303 134.36241829615864
dolomite 2 2030.0 2.5341315213750697 31.433213695029547 -57.34715395907319 192.2061122220919
dolomite 2 2040.0 2.206979423350077 37.699759599061466 -64.032148742345 152.60374297679095
dolomite 2 2050.0 2.5871333853712337 30.384086830030796 -61.57990275341425 105.34837174889662
dolomite 2 2060.0 2.6352787101913693 36.79863103996772 -55.636997906545595 114.0458615527356
dolomite 2 2070.0 2.3863072114215336 35.26580246747546 -71.25263809488308 174.9915300075303
dolomite 2 2080.0 2.575173591087507 48.25331412921733 -60.939744886231 151.4736158279118
dolomite 2 2090.0 2.5044764404409943 55.27988771684177 -40.98561033804355 136.6624781546165
dolomite 2 2100.0 2.5574293820099294 36.472360311054736 -64.53559158934821 124.16971878659233
dolomite 2 2110.0 2.455668318042016 39.73492067560362 -49.24861557427869 149.80296611672782
dolomite 2 2120.0 2.4098144488076034 40.88190547621089 -70.81227976983932 125.44105879896662
dolomite 2 2130.0 2.5457263499605607 41.07992003165951 -53.26578147249093 167.76067403773217
dolomite 2 2140.0 2.4448712908255574 39.40904188408406 -55.44022316372614 145.95363204368743
dolomite 2 2150.0 2.3840586272434154 51.17802787100135 -62.04578556166413 106.37675143449081
dolomite 2 2160.0 2.385128496443866 41.419173582670986 -50.96552415911429 71.36990439048685
dolomite 2 2170.0 2.5304376385095035 35.461754913408924 -58.60140738908386 85.13423194749217
dolomite 2 2180.0 2.5581560921312874 42.00510327492337 -63.488446242270605 107.27798411270291
dolomite 2 2190.0 2.4504511614436635 36.862009842435214 -66.14409031917346 142.9040374718886
dolomite 2 2200.0 2.601597682392506 37.2546807666519 -49.39170157215332 154.7241867147279
dolomite 2 2210.0 2.6053682177675563 37.3271902715126 -67.40900985348317 147.1262078442755
dolomite 2 2220.0 2.530417861438886 37.41919525994581 -62.490747796911755 159.81005419648517
dolomite 2 2230.0 2.4930148447661375 34.423258092136564 -45.39040936118008 174.67999611325183
dolomite 2 2240.0 2.499686830145454 37.14823837458086 -65.72590567703182 145.388680877267
dolomite 2 2250.0 2.4499070621489296 43.586473776399544 -65.11474457939205 180.6080598310266
dolomite 2 2260.0 2.488308054414881 39.28135060480054 -58.898953894394914 169.3114871711854
dolomite 2 2270.0 2.6859895982985305 38.804971157131625 -54.49400379528329 162.2361851620014
dolomite 2 2280.0 2.3933847005859326 52.58247870987404 -56.76282414898937 183.98244329101257
dolomite 2 2290.0 2.4932055416262595 43.83987462995386 -57.8392464252413 95.93395391697683
dolomite 2 2300.0 2.664568445325778 61.05944773857613 -54.46002247558539 181.99817981699258
dolomite 2 2310.0 2.555410793926292 25.92347862636539 -61.93958817141527 141.34098981390153
dolomite 2 2320.0 2.499061950169851 41.16465870491978 -56.68927608619091 196.91137842103095
dolomite 2 2330.0 2.3969762808963972 40.00277416764999 -51.62242147092148 152.09717973645965
dolomite 2 2340.0 2.525638560751077 42.45820924909397 -60.23677577123064 119.13198874605735
dolomite 2 2350.0 2.4490073645309067 33.47626744757234 -77.54646022464514 111.45581698443985
dolomite 2 2360.0 2.4868887200470415 39.34300262478425 -28.936313709884605 189.1456179724728
dolomite 2 2370.0 2.4397801934858756 30.375753389099696 -51.65687460908208 108.10387495628801
dolomite 2 2380.0 2.226280235694972 25.105666993172633 -41.020464438098294 132.49782417816812
conglomerate 4 2390.0 2.364927657723338 29.12882622651562 -52.308919102996434 90.94441931850615
conglomerate 4 2400.0 2.185330624501161 35.441013372821104 -49.31876959248837 108.19556785631421
conglomerate 4 2410.0 2.3185644954752376 36.564509175514246 -59.49946303285421 165.76437658083464
conglomerate 4 2420.0 2.277776271049417 35.722555344467516 -46.74633267072796 108.80197355065543
conglomerate 4 2430.0 2.270753536463584 35.43458215041145 -55.36920029759763 122.5952096714199
conglomerate 4 2440.0 2.307988471601093 12.397949459321914 -41.468772984305275 78.46975644808998
conglomerate 4 2450.0 2.3394954479986816 17.5123889445882 -32.18191926288773 143.95668015067503
conglomerate 4 2460.0 2.4070460891700134 20.526677086451322 -28.462398607360715 107.47061479658686
conglomerate 4 2470.0 2.319782838358345 25.42576537067442 -52.215278978419164 105.2058944858632
conglomerate 4 2480.0 2.4163513737296873 19.847703914842555 -53.218025423857526 126.9615460693178
conglomerate 4 2490.0 2.3273677569365074 18.05479166744315 -42.580175386035584 92.9671682353625
conglomerate 4 2500.0 2.2392814413144584 10.273647464816918 -11.554196040264067 145.72976858563055
conglomerate 4 2510.0 2.28650352291738 22.217895731604816 -44.48006587254633 95.52516743843822
conglomerate 4 2520.0 2.186277605420207 16.52985135530214 -34.83834504598598 98.57525493157443
conglomerate 4 2530.0 2.240365138852844 28.1378213589349 -37.45555287273494 113.38796168094274
conglomerate 4 2540.0 2.058832886739393 16.449072507217192 -39.783294928864265 145.21417067978544
conglomerate 4 2550.0 2.253554862799044 27.379760643313336 -31.513416898905856 73.62627309095058
conglomerate 4 2560.0 2.2595000912405205 25.7169817584532 -21.572220378557247 121.21352671682479
conglomerate 4 2570.0 2.231016663274452 22.94437547093142 -35.18148935548349 159.07720835512154
conglomerate 4 2580.0 2.2942235975814245 34.22593177405771 -47.659958077731915 137.29059610850408
conglomerate 4 2590.0 2.1785646493564452 25.103524363593273 -43.23065403263 86.16831657649644
conglomerate 4 2600.0 2.271869202050212 10.227392785037978 -36.70696910932819 122.17637467152984
conglomerate 4 2610.0 2.121166311799482 28.38123337897899 -44.748736900185314 88.14483999650976
conglomerate 4 2620.0 2.2918293913067154 16.225883458184864 -4.282290459231859 93.43187047349781
conglomerate 4 2630.0 2.2402247764870196 18.38020775430235 -32.2953631474377 105.96202446160554
conglomerate 4 2640.0 2.4979152776846947 11.78499428519544 -41.41856964799702 95.56854445488091
conglomerate 4 2650.0 2.2777753009433956 24.66770600014388 -31.936284830771605 80.071835650623
conglomerate 4 2660.0 2.494097467788882 23.307960648122638 -24.277550658201328 151.00045922174138
conglomerate 4 2670.0 2.352700325292984 17.817818851534806 -38.05164001665508 85.08667582391344
conglomerate 4 2680.0 2.495165867209371 6.506899672437896 -36.020916405707275 124.71147466696787
conglomerate 4 2690.0 2.4811592362713504 32.42292857985173 -42.20230266081842 91.62740773281553
conglomerate 4 2700.0 2.4542550774945537 4.7894427401132695 -33.80359313324046 136.52658724763012
conglomerate 4 2710.0 2.3447213617296585 31.549918194198362 -39.09972528017385 21.99582998561968
conglomerate 4 2720.0 2.24048998074655 27.22338406907505 -29.256702451624694 126.03337589017679
conglomerate 4 2730.0 2.2784102438226723 27.454810184758784 -32.35896628112416 165.49465067646014
conglomerate 4 2740.0 2.2016816147874785 23.119449513130238 -33.403086718705666 110.52743097527195
conglomerate 4 2750.0 2.423740748558064 23.241189478931634 -40.681668928516046 182.56784864619735
conglomerate 4 2760.0 2.194022163651457 29.299640027505035 -28.55903686840314 87.46309174279324
conglomerate 4 2770.0 2.3854997887305225 25.111516443447833 -43.93199340303468 106.44306192587943
conglomerate 4 2780.0 2.2887571546672096 36.63787885821283 -41.514607105550446 119.01141400323085
conglomerate 4 2790.0 2.417769325663077 24.029836650549292 -36.52224079422568 65.23465210382511
conglomerate 4 2800.0 2.1659347670370845 30.55709363149873 -56.03814881605612 125.53723523903831
conglomerate 4 2810.0 2.4233206551333755 12.69447643461541 -43.039901244950514 82.60502627290202
conglomerate 4 2820.0 2.2902600766242536 6.943210406927939 -41.72370707677891 101.46991021983676
conglomerate 4 2830.0 2.3414676127257756 29.50988423111506 -43.59263897039466 132.75537109657114
conglomerate 4 2840.0 2.40717821413674 16.543404592003796 -55.827015428701344 133.96009885228395
conglomerate 4 2850.0 2.2771910702225266 29.453737508409837 -47.124521625955666 97.31829191019024
conglomerate 4 2860.0 2.155980279316934 26.82941983214667 -65.32192073056552 139.20515477153887
conglomerate 4 2870.0 2.2739527449948835 26.123668118405988 -42.15329949500504 123.2830663499633
conglomerate 4 2880.0 2.182868542290813 14.981890214847873 -21.422206204672918 97.35556298549074
conglomerate 4 2890.0 2.24970921000633 14.775404396212299 -51.46831147629065 142.30846620290447
conglomerate 4 2900.0 2.3275732371966695 14.395847711018547 -31.48361184929029 138.3112538118313
conglomerate 4 2910.0 2.29395986775153 18.082977552442685 -29.917142528356976 74.81896935777452
conglomerate 4 2920.0 2.2563213122038377 25.758819111242378 -38.38592797373478 96.37856766021287
conglomerate 4 2930.0 2.3133280070691447 36.30402578607321 -33.28833221458366 79.91487907037785
conglomerate 4 2940.0 2.3164498818547266 22.437362686343853 -32.29095588558131 121.26280332072454
conglomerate 4 2950.0 2.2378400164235654 27.778399908543506 -30.617259031974584 148.19734983058532
conglomerate 4 2960.0 2.2879825759054744 18.03760820549915 -38.366381902075396 116.42797986142435
conglomerate 4 2970.0 2.088836975370662 29.776444360110126 -49.85367122530235 118.06611312886085
conglomerate 4 2980.0 2.4183855201845357 25.587220634592533 -31.005454814473218 46.15929977006007
conglomerate 4 2990.0 2.391758622673961 25.056741091501053 -45.87283128359766 73.97057106267185
conglomerate 4 3000.0 2.3543097870296252 15.811142003435453 -38.503758255726794 74.16889294898499
conglomerate 4 3010.0 2.094587559542231 13.572065748122164 -38.1179051985594 62.172374837919435
conglomerate 4 3020.0 2.162586964816701 -0.012184539905177871 -28.225251276171107 131.00275709047446
conglomerate 4 3030.0 2.279860349132868 24.808992691138823 -21.8054300912623 118.34408260059402
conglomerate 4 3040.0 2.4691723685938793 12.584387922574434 -31.503926195931243 77.00484010398914
conglomerate 4 3050.0 2.417565027623175 9.423720498052043 -50.739051281851495 105.30768054245111
conglomerate 4 3060.0 2.2594072509354857 25.036943004232903 -63.94374376048621 139.10438709293592
conglomerate 4 3070.0 2.387586741367804 31.412722793501214 -39.98863645020627 104.99763135495789
conglomerate 4 3080.0 2.4372770611307533 22.883860380057985 -44.442164303016796 130.24040219476092
conglomerate 4 3090.0 2.3942526911278197 12.120512447434425 -34.27048621758937 119.30046650189976
conglomerate 4 3100.0 2.2919581543532765 24.0041730744419 -35.69279177520165 99.78129956408372
conglomerate 4 3110.0 2.465552959666127 5.338998670517231 -49.90065228758169 94.29626998620239
conglomerate 4 3120.0 2.349309420218286 20.378008464527664 -43.78358441946884 97.98064531597103
conglomerate 4 3130.0 2.3076785229076107 22.598402915774127 -50.14831208505434 126.52738595144409
conglomerate 4 3140.0 2.388838179395356 13.800417332727658 -37.67997314187314 88.86675604255312
conglomerate 4 3150.0 2.3354714543727693 17.073218540006422 -34.99552869709976 118.8423301856117
conglomerate 4 3160.0 2.224306435399397 22.009929537660867 -41.41145154108972 91.45178107677489
conglomerate 4 3170.0 2.2780704394045874 7.153503169846957 -51.78502512559797 118.74418221501357
conglomerate 4 3180.0 2.2996654304764035 21.796962917000947 -32.90087421823903 99.49297627754112
conglomerate 4 3190.0 2.263431832772725 6.720348533779731 -38.24897565267046 88.0953725431834
conglomerate 4 3200.0 2.1245236243048615 15.560543335340608 -37.47804381490731 99.5843028077534
conglomerate 4 3210.0 2.4042329200088646 12.349215104950632 -56.26086930502898 110.52204310661834
conglomerate 4 3220.0 2.459402321088036 20.501059268794325 -38.374614541670205 86.78101639265505
conglomerate 4 3230.0 2.345255270946503 21.09614386517052 -44.39522150279844 145.25455608632345
conglomerate 4 3240.0 2.351535700659104 21.58739695870894 -45.27982307458178 125.7595216507814
conglomerate 4 3250.0 2.253525370768281 11.748021685734068 -23.2423972061789 130.85525621618115
conglomerate 4 3260.0 2.351540352028871 18.129977047290655 -38.15135881585214 98.84922288326477
conglomerate 4 3270.0 2.4251729064391054 13.356585368065062 -49.4057212934835 90.44479482279199
conglomerate 4 3280.0 2.3370522526350097 24.457384303219765 -42.167708731745925 140.40469422373945
conglomerate 4 3290.0 2.2499018718781016 33.28555857703821 -43.70248739631421 77.64680218722518
conglomerate 4 3300.0 2.3201131841554234 29.47069405456881 -59.06275917954676 129.16939278708776
conglomerate 4 3310.0 2.33695837246358 7.97280228494248 -49.848979111163025 126.92422423977966
conglomerate 4 3320.0 2.079547684241368 25.62996694704259 -35.8930791599712 89.72714889810888
conglomerate 4 3330.0 2.282649830557405 44.50481168182297 -71.63927898462074 95.18420369678425
conglomerate 4 3340.0 2.434465875808804 23.470265138065468 -43.72327464195541 170.93514558513837
conglomerate 4 3350.0 2.301623171987556 25.821706598398375 -37.12296119104999 100.03590502972625
conglomerate 4 3360.0 2.1831741873043082 20.977366831174542 -36.726686144463784 87.04452159455575
conglomerate 4 3370.0 2.2709495368214756 25.05064366483539 -24.935679998954 65.02085717036235
conglomerate 4 3380.0 2.1409391900651347 14.71552982087293 -32.64353537259751 132.51414030849014
conglomerate 4 3390.0 2.3791938303052946 13.4953000370822 -52.12762282870436 102.27714926066477
conglomerate 4 3400.0 2.2293645399165576 17.885447335993383 -36.88943743183661 82.15892118482411
conglomerate 4 3410.0 2.38514619846113 23.436776304577876 -19.06875274715408 92.02690899751533
conglomerate 4 3420.0 2.2943679525238525 21.5269826529565 -35.84027601023822 140.09544388294935
conglomerate 4 3430.0 2.36089074382842 24.421227219753597 -20.797761236368956 116.92401387527833
conglomerate 4 3440.0 2.442309053392871 17.691161794544456 -38.13754328385188 95.87214028630002
conglomerate 4 3450.0 2.168519656915748 23.08184415477383 -44.30532601936325 91.57777101982937
conglomerate 4 3460.0 2.4330227887793896 21.68836125611754 -39.02784227028014 75.39104695485318
conglomerate 4 3470.0 2.307080714003619 23.872449389170754 -39.43987791214653 104.30084810870339
conglomerate 4 3480.0 2.3246358927487223 25.31469711387953 -24.31402633706186 134.30011653221277
conglomerate 4 3490.0 2.3614528752377812 21.87636547591337 -29.03796056833029 148.27894567097033
conglomerate 4 3500.0 2.287738740298943 30.830355586627277 -39.04250026619027 39.13393157204166
conglomerate 4 3510.0 2.304882630759727 23.12053441639541 -38.947831504272706 83.79269489375926
conglomerate 4 3520.0 2.2916804651613596 22.872139800161204 -42.6725766996269 93.8978423493329
conglomerate 4 3530.0 2.1830617528042375 23.630713257595623 -38.22222236375967 113.28521762771878
conglomerate 4 3540.0 2.405887002856495 12.09923000270812 -30.419309061608146 95.10775417152871
conglomerate 4 3550.0 2.4333483359411607 29.10881707533804 -18.68676999738638 46.818002336663454
conglomerate 4 3560.0 2.386548083270634 21.836874701793693 -27.598205929017297 129.90786145321323
conglomerate 4 3570.0 2.2785114934432427 37.95905068862436 -47.88652388618341 127.3087166120889
conglomerate 4 3580.0 2.332391238667712 11.27051393839411 -35.45604628005091 93.34760888257071
conglomerate 4 3590.0 2.332624941848732 15.17837182125937 -60.77859712359336 108.2019704572446
conglomerate 4 3600.0 2.3101936902206135 29.036203393095935 -43.53222608619276 93.03724355011398
conglomerate 4 3610.0 2.339947996912563 12.088236726383549 -31.95804422298906 110.19126296544948
conglomerate 4 3620.0 2.2872201968980708 6.347343031162733 -39.57867668911247 133.43120650741915
conglomerate 4 3630.0 2.3817818125188936 33.55210952799813 -38.388313964015964 113.87413986588379
conglomerate 4 3640.0 2.2997722421202047 17.946446469553496 -33.78611023942957 103.86744901728609
conglomerate 4 3650.0 2.3238393514530675 23.591342483572372 -34.85108226586373 156.2686591673846
conglomerate 4 3660.0 2.338938766810302 29.007234875458543 -45.36616821180604 135.5055794968857
conglomerate 4 3670.0 2.432647060736123 28.03249452261595 -45.42716694954575 107.43328772776985
conglomerate 4 3680.0 2.3000236678747044 16.324961960884814 -4.180091967711498 100.42332602450708
conglomerate 4 3690.0 2.481575132617551 27.903977571594012 -37.619314137431985 111.35636193420662
conglomerate 4 3700.0 2.2774172568808826 11.342599994455156 -34.026074086798545 176.80687373649334
conglomerate 4 3710.0 2.322763805478941 21.555575959764695 -38.030763365854 117.10944228612775
conglomerate 4 3720.0 2.3649687706936664 23.83209999179135 -36.424877527717136 149.96837400623497
conglomerate 4 3730.0 2.1917172510772462 15.81675345195479 -25.57342030221496 109.60015400355108
conglomerate 4 3740.0 2.3497922718575213 18.176357231331163 -42.37788737396183 106.3539178723636
conglomerate 4 3750.0 2.3046014297264286 26.370072483744504 -30.742762332806578 140.5822855553382
conglomerate 4 3760.0 2.2993037441160915 12.96142921357948 -45.424964845083224 174.3262241770654
conglomerate 4 3770.0 2.4020342658977647 12.61900497500011 -52.967671841939165 134.951790106082
conglomerate 4 3780.0 2.1563700171033404 25.096235303868028 -58.62249690600196 116.99224555800114
conglomerate 4 3790.0 2.530171723139906 20.945386507957327 -18.938240572474815 96.81827739004459
conglomerate 4 3800.0 2.3566843622070635 26.394255636474423 -36.069215273532215 140.34957930128752
conglomerate 4 3810.0 2.20177736954485 27.44843585640927 -55.16895941923774 113.30313307432729
conglomerate 4 3820.0 2.2245563287703294 25.949098291041636 -33.24801229807862 150.28639840083392
conglomerate 4 3830.0 2.421813723017783 10.37505779335622 -36.03370827473435 115.01052515223705
conglomerate 4 3840.0 2.2085710086127106 23.4870060372231 -22.084209526272204 105.18447643861455
conglomerate 4 3850.0 2.3411415069084542 12.891409003743227 -35.63336035149077 132.9878145601931
conglomerate 4 3860.0 2.261255908014983 3.779839629836836 -51.06551167460564 104.44166390657715
conglomerate 4 3870.0 2.2764620441432477 20.65764985436902 -40.19134128216471 159.61243844535346
conglomerate 4 3880.0 2.2831392266084216 5.724549382306256 -40.52245234559559 115.41864098862756
conglomerate 4 3890.0 2.291565752105493 15.07333213988222 -28.588643344026234 171.54413368753197
conglomerate 4 3900.0 2.288890810235025 28.112120066796315 -48.392280487347236 107.90955062460057
conglomerate 4 3910.0 2.4615281950323986 33.47981630802239 -33.119911574444885 132.4660739838282
conglomerate 4 3920.0 2.3852877272938753 9.06473857142036 -49.10142259130853 106.87144002500428
conglomerate 4 3930.0 2.311137798646696 15.639293403347017 -35.80997216201671 105.6305729135679
conglomerate 4 3940.0 2.2985221329943153 23.12247223030661 -44.54546661932861 141.1751109452077
conglomerate 4 3950.0 2.323104912854457 23.744653734122977 -16.092364723033207 129.26174102129525
conglomerate 4 3960.0 2.2785926709339885 30.723531007149507 -51.002046419440504 110.74848017924333
conglomerate 4 3970.0 2.2951683583052342 17.507013416821284 -22.04371018274158 134.83898281232732
conglomerate 4 3980.0 2.1843135116355503 15.020407054100765 -20.748384680278402 149.3753347679552
conglomerate 4 3990.0 2.1026390792168477 25.109665827105843 -52.117614703991386 87.89554059528697
conglomerate 4 4000.0 2.329647538364382 20.282747192783276 -35.21468283598388 108.07972675240362
conglomerate 4 4010.0 2.2915965686590702 4.817705212155991 -51.12745603434611 64.03191406351266
conglomerate 4 4020.0 2.3505315512505227 16.843858138431166 -32.69020512473291 87.28635356926269
conglomerate 4 4030.0 2.3842599158243125 20.241082602110957 -27.56980811842746 151.12686393250178
conglomerate 4 4040.0 2.1849446636444623 14.338728500708648 -44.34385627139639 67.62469858228157
conglomerate 4 4050.0 2.336115231255743 14.865629917494408 -38.080476104311664 119.48468704800061
conglomerate 4 4060.0 2.187674186454694 14.216579724830027 -39.65136222882546 75.84208263417239
conglomerate 4 4070.0 2.2984995647391986 22.159640907249173 -32.64305198935287 132.832002461793
conglomerate 4 4080.0 2.3110824471322395 21.747840218272167 -30.55634506251743 129.99405675388513
conglomerate 4 4090.0 2.2153223781019546 21.290321156076843 -41.715727278962476 113.31699726094752
conglomerate 4 4100.0 2.1919362287354573 35.507961834815404 -36.906689741240136 86.76549947935985
conglomerate 4 4110.0 2.205564255358421 26.46784274425417 -28.95728238799115 130.39947589194367
conglomerate 4 4120.0 2.0021199965041627 26.587352485284065 -42.138471870312905 80.78598800075676
conglomerate 4 4130.0 2.205444884522121 15.514884190326468 -38.84180226797921 68.233105841061
conglomerate 4 4140.0 2.4048439137591067 23.077452458596078 -42.42885987021667 104.41043682477806
conglomerate 4 4150.0 2.202302137516014 21.495447302531673 -37.5454452620456 119.6435662350486
conglomerate 4 4160.0 2.208562718165943 22.560480411519237 -26.53600197557417 63.633489011386054
conglomerate 4 4170.0 2.3043051638792678 3.1894700241207445 -34.46885533183645 79.46417590439103
conglomerate 4 4180.0 2.1863728496374484 18.835544853121334 -53.62267965454976 90.4423714006748
conglomerate 4 4190.0 2.525051587594665 17.673082932201503 -49.274485644173694 55.87207560278701
conglomerate 4 4200.0 2.4107327102086766 24.070918346445414 -44.75225722965155 119.9962649253749
conglomerate 4 4210.0 2.3385220875325494 13.775704695258689 -31.076586548141357 113.86076645573816
conglomerate 4 4220.0 2.238640598139339 16.174927109320297 -33.223259449582 125.4286308536897
conglomerate 4 4230.0 2.3170476112960494 21.97585275927005 -22.7515721889866 140.9785735605975
conglomerate 4 4240.0 2.477669647892221 13.209325360789018 -51.43331806918549 99.83319996596705
conglomerate 4 4250.0 2.3330650677550695 14.987577794283169 -46.39527603239081 157.3064139139551
conglomerate 4 4260.0 2.3156475489271022 18.997068621650932 -25.97495764022713 109.52982836615509
conglomerate 4 4270.0 2.165404827219959 14.880263136406748 -19.88257056148425 83.4639332316296
conglomerate 4 4280.0 2.3521667359752305 13.602905258926903 -37.85056571294253 159.99258229956087
conglomerate 4 4290.0 2.275533022114372 21.44263552487223 -56.24731839701463 126.83677388804671
conglomerate 4 4300.0 2.156418757619249 15.084628959648983 -27.040154225950015 147.3235718006158
conglomerate 4 4310.0 2.3004654537527736 42.87182129920345 -47.53518319279596 122.62045315509884
conglomerate 4 4320.0 2.307480615805205 33.18559454782569 -46.99601238814138 62.323253724200704
conglomerate 4 4330.0 2.2824358425110787 14.813911598693066 -25.280839286710837 95.31940295963537
conglomerate 4 4340.0 2.2132041113417094 22.405819094010273 -25.47363411390097 134.76138174735274
conglomerate 4 4350.0 2.206770919908384 20.052021429460698 -36.04399308849211 129.0837801376291
conglomerate 4 4360.0 2.314630310317059 24.289755497205288 -36.086958002890924 93.71219217465807
conglomerate 4 4370.0 2.484083934844971 21.053255454125217 -52.25577338611758 112.70663091265754
conglomerate 4 4380.0 2.0894107222536173 13.950746190435474 -37.03317583182824 146.88198834228135
conglomerate 4 4390.0 2.4527650261403013 20.54945357292009 -36.58675553502562 107.72816565752035
conglomerate 4 4400.0 2.3076582780148662 29.149706754578503 -24.32604812904168 133.09283498977595
conglomerate 4 4410.0 2.4613699015827786 31.124624226791646 -53.28317486579844 80.82143026342868
conglomerate 4 4420.0 2.2970000812095765 21.66994536477358 -50.40735656772461 132.91257522772895
conglomerate 4 4430.0 2.3894583550002437 31.80690095433833 -35.03561774443626 83.64661895984594
conglomerate 4 4440.0 2.2494586101425718 21.63358066108567 -57.34477374147178 121.20213021757783
conglomerate 4 4450.0 2.242033827860421 21.94946020817585 -46.05345070872318 129.1303436680759
conglomerate 4 4460.0 2.279492630875851 18.51860770571664 -42.318004793181785 139.76128841532466
conglomerate 4 4470.0 2.2812802666126326 20.18177859301311 -39.23705912784201 134.1095206937184
conglomerate 4 4480.0 2.1383331873601685 20.601720738208094 -39.543738462042306 160.32631150133187
conglomerate 4 4490.0 2.410712519590899 13.361031717174678 -51.63779748445144 89.716466464348
conglomerate 4 4500.0 2.238655971369683 15.634189369580795 -37.6784398222905 94.80722051066203
conglomerate 4 4510.0 2.2776953273038614 27.735101188002815 -28.531882900894182 107.68484754307828
conglomerate 4 4520.0 2.2892886126671934 27.126689113865687 -55.44378872407086 146.4138978951303
conglomerate 4 4530.0 2.2716598512943635 24.021109544917827 -43.017752955124045 113.12043870517755
conglomerate 4 4540.0 2.291471684220904 24.745744537381977 -43.736741462549645 119.30729403544953
conglomerate 4 4550.0 2.3281842276450693 26.323794477343966 -32.47554310588903 100.03765735082516
conglomerate 4 4560.0 2.1360101948968304 23.45404002685006 -30.06637573418061 94.00091309351413
conglomerate 4 4570.0 2.3232164402554 15.923736074322642 -36.63184004778697 73.49863125522927
conglomerate 4 4580.0 2.404184217631097 21.7240120873467 -31.38123326309934 87.82873904722821
conglomerate 4 4590.0 2.1793071390445298 20.242952190345388 -49.75890989738167 117.2722919135553
conglomerate 4 4600.0 2.3311498350747075 29.175150578012214 -48.61747620589778 120.38682263592095
conglomerate 4 4610.0 2.3247685707608463 26.009259529095186 -35.33952661635943 106.88382452383019
conglomerate 4 4620.0 2.3339518857086 18.489943065575506 -47.43023013378211 134.37178023606845
conglomerate 4 4630.0 2.1965462251970944 20.548819745878045 -35.50879460250603 88.68763287483007
conglomerate 4 4640.0 2.0989649515312365 17.990258217233464 -52.52088597972471 102.2329200229458
conglomerate 4 4650.0 2.3030032007408083 16.112961077226522 -49.349336356811456 88.01789208839541
conglomerate 4 4660.0 2.3692754897091577 16.090676894584824 -23.15199024521174 139.76178782602284
conglomerate 4 4670.0 2.332252952577404 22.60117961273577 -36.629907678605484 127.15793290860356
conglomerate 4 4680.0 2.1317444394948244 10.541676456400843 -15.482867714137882 81.49361845777919
conglomerate 4 4690.0 2.2916547609152778 20.745777648518985 -50.88869069699784 79.89189617643369
conglomerate 4 4700.0 2.426999421747065 15.776027214502637 -45.213287769929735 122.15861381260774
conglomerate 4 4710.0 2.463955175060115 7.9595060863995 -27.502623700084502 163.11833700958573
conglomerate 4 4720.0 2.319357635336562 6.4614915740187335 -38.037793869080545 117.31881307501949
conglomerate 4 4730.0 2.3357355227899124 12.98896453353079 -48.91161127475303 135.75370828358024
conglomerate 4 4740.0 2.2704663952217667 27.860185239512397 -24.43607878087619 88.23959497730183
conglomerate 4 4750.0 2.197469125389576 17.57137651889811 -49.11908831681066 76.11723277396314
conglomerate 4 4760.0 2.3567358781062713 10.432977708355262 -47.848419319489956 87.1041783357433
conglomerate 4 4770.0 2.3875753614009803 32.93105865614743 -58.25194325498855 91.42569960054466
conglomerate 4 4780.0 2.4136597608247854 13.045899184077477 -47.75827767072896 106.36029992639962
conglomerate 4 4790.0 2.437337882126413 32.732412884338096 -24.03080339492505 112.11052616072081
conglomerate 4 4800.0 2.280598802827482 35.2540699051784 -33.74764700336553 138.10676599082691
conglomerate 4 4810.0 2.3092038075792414 24.535863831979984 -31.838113398049376 121.159473370532
conglomerate 4 4820.0 2.3772109918070576 15.33867655476177 -49.01447676167042 110.99453708138377
conglomerate 4 4830.0 2.063130465209324 17.512669675208517 -62.81661236336932 96.63025881814805
conglomerate 4 4840.0 2.3163582068883253 13.960403724647987 -26.40018279907063 108.78588307911976
conglomerate 4 4850.0 2.2749539974171498 16.305518183601546 -50.788074043764595 101.53371073190678
conglomerate 4 4860.0 2.301964728680376 20.392170447508256 -47.62845888974212 43.7201634078904
conglomerate 4 4870.0 2.2812035809249402 17.142206022538208 -52.68843731802056 105.96873285357714
conglomerate 4 4880.0 2.274388923712699 18.99223577087911 -49.19111167695142 102.2589948792124
conglomerate 4 4890.0 2.2303669529447343 16.536588421523923 -48.03318273869222 113.9120759963277
conglomerate 4 4900.0 2.1953375798005914 21.440640298423897 -54.992160060439474 91.8566943668562
conglomerate 4 4910.0 2.371937652534686 23.608474795182214 -27.785821840950334 153.39229217239628
conglomerate 4 4920.0 2.3738571489276223 21.435412122960244 -39.85990213055154 122.29910252277037
conglomerate 4 4930.0 2.164588822645088 25.122661655562904 -40.27054149096046 120.8534805554146
conglomerate 4 4940.0 2.3008650486674527 23.082991833950132 -51.09079621106227 103.62964513595185
conglomerate 4 4950.0 2.2680550635424925 21.101698450668803 -57.43705164307319 47.85917093783514
conglomerate 4 4960.0 2.1599385288105264 18.00119490584128 -30.863739085758773 73.94368981917142
conglomerate 4 4970.0 2.3079378247936644 12.074802082890027 -41.30370360618409 151.67831021879778
conglomerate 4 4980.0 2.366850170304688 18.056078707237102 -58.00520284491116 96.84213742798217
conglomerate 4 4990.0 2.2110449436419795 25.832571961934548 -39.303715604960125 114.86626774222628
conglomerate 4 5000.0 2.1904849129175927 12.168417330707971 -28.349501262712664 138.24410992921253
conglomerate 4 5010.0 2.442928877541052 29.326393207539752 -30.80595750123204 72.42120676500505
conglomerate 4 5020.0 2.306394896195903 13.770405526537562 -36.65076615372729 59.273437832504555
conglomerate 4 5030.0 2.2722881577772216 21.842205803606397 -34.9016958904268 51.85379248353797
conglomerate 4 5040.0 2.070467011647527 28.55495905349803 -27.264751864498056 71.10884454693573
conglomerate 4 5050.0 2.336859363689893 19.011522250658142 -29.286296556873566 116.54668774981386
conglomerate 4 5060.0 2.338198208760165 10.794114810837343 -43.239241653138755 111.06306225581844
conglomerate 4 5070.0 2.1704933977037286 18.68057637098474 -39.50941132163223 121.71418987810524
conglomerate 4 5080.0 2.1858572289930303 21.643468399446768 -23.81436541754347 187.36162574674518
conglomerate 4 5090.0 2.3886889885599283 26.240765160458 -24.537074137223662 134.86598151098522
conglomerate 4 5100.0 2.226432450394961 7.642851478238256 -52.180732423268516 97.96759067712091
conglomerate 4 5110.0 2.2948477162336984 14.423158981672177 -48.74653972538181 39.74521099083407
conglomerate 4 5120.0 2.233088235809221 32.993982933597735 -31.809030359812834 165.2008944553526
conglomerate 4 5130.0 2.2600539922288108 29.715987034466405 -26.722238598313417 176.58676834482955
conglomerate 4 5140.0 2.3915693354228336 12.139291534488219 -34.317640368822836 75.86701809784569
conglomerate 4 5150.0 2.06331253857092 29.82761936282489 -56.536959101898105 157.18158212153713
conglomerate 4 5160.0 2.335957841167095 30.01900481941539 -29.262551379490247 120.10081365895516
conglomerate 4 5170.0 2.407263439238457 19.49299849995481 -30.913291834941376 105.66335216990886
conglomerate 4 5180.0 2.436362226738196 17.62790289563732 -59.276267656188175 114.05684533194204
conglomerate 4 5190.0 2.2562654355071285 18.84159628112698 -46.95509239216999 116.24918033651994
conglomerate 4 5200.0 2.261214317077176 17.556375656415373 -39.425949156620035 154.93491912825493
conglomerate 4 5210.0 2.257590986736478 20.529989986291696 -48.92614891627658 50.09507074868893
conglomerate 4 5220.0 2.376044796387961 22.331959671590308 -43.23461547434721 92.59751417408562
conglomerate 4 5230.0 2.149511302619236 16.448951689023144 -48.32904423398493 87.44522259134865
conglomerate 4 5240.0 2.2423325426566025 25.374784870622 -35.565605380332826 105.31504563191247
conglomerate 4 5250.0 2.371332465175002 13.696768168708807 -32.21528707003815 116.19999396871559
conglomerate 4 5260.0 2.3204139901065117 17.9799988488401 -37.68047781183308 130.87530698483377
conglomerate 4 5270.0 2.2758232864419323 9.261468726384646 -39.36543731182485 62.50725400100087
conglomerate 4 5280.0 2.3750671742066545 11.238494838173363 -47.84934244430246 108.72197558086786
conglomerate 4 5290.0 2.1761447073879268 21.342119818052993 -40.85853026598581 55.14726587484766
conglomerate 4 5300.0 2.2155792007327455 12.743455334409514 -37.87890393710325 122.17940416582117
conglomerate 4 5310.0 2.3273772912643866 19.849569125583574 -30.136121951593687 117.76762673621529
conglomerate 4 5320.0 2.2978437382177135 8.627295862289051 -44.159444693712715 108.63449617397428
conglomerate 4 5330.0 2.2177242222010993 17.848195397034743 -18.779521337526372 80.40228355032932
conglomerate 4 5340.0 2.358752882443543 21.405002227147722 -37.005045005617205 109.56734854257752
conglomerate 4 5350.0 2.0519613661509903 22.157608607109864 -43.93224267648204 187.34462766841273
conglomerate 4 5360.0 2.11765433001359 25.38988873988505 -45.52855830037682 154.4161228623081
conglomerate 4 5370.0 2.336816305242932 19.97720592559986 -26.87751030226063 130.8874127471242
conglomerate 4 5380.0 2.4327752666411486 27.76538591865303 -43.80592463061133 109.40833649773835
conglomerate 4 5390.0 2.150775293653989 30.891028293435213 -43.384120522523986 111.60220606185486
conglomerate 4 5400.0 2.4582733095794187 15.702191126233483 -32.389182044814426 124.90497016638257
conglomerate 4 5410.0 2.181994507026348 29.3429716857269 -55.24517026527704 115.72762504486523
conglomerate 4 5420.0 2.0897551423676295 26.54286592163197 -57.63385768447503 89.87531792797917
conglomerate 4 5430.0 2.297262901492095 17.731124683168993 -39.111543656549124 50.43453768433314
conglomerate 4 5440.0 2.4269274849151343 22.30422243060059 -45.41265282391658 124.1546701395287
conglomerate 4 5450.0 2.2306101664356426 22.06478349010438 -48.66649735791739 117.04804016681396
conglomerate 4 5460.0 2.250100717723801 19.114124088521347 -34.95899751152581 131.43774799963728
conglomerate 4 5470.0 2.3868670494926794 18.840934214581058 -41.65020418795979 85.10954999358452
conglomerate 4 5480.0 2.436138621877962 24.029778693712696 -51.244495411762436 107.75091766505403
conglomerate 4 5490.0 2.201331712306452 15.342130300291544 -47.981771314086906 124.50178782004893
conglomerate 4 5500.0 2.3874554288711356 25.595098273512143 -44.99534265487645 140.4949299345553
conglomerate 4 5510.0 2.394176602085065 7.573260838233107 -48.127447155948666 112.00700400356739
conglomerate 4 5520.0 2.236131979752224 32.745630495577075 -37.0556366745912 125.63197512458727
conglomerate 4 5530.0 2.17084689771973 12.909841965678101 -43.17022763918195 100.09859736341214
conglomerate 4 5540.0 2.0661951108329237 14.451459532664675 -29.304419398932687 93.01098560891084
conglomerate 4 5550.0 2.3416436992823075 22.874449108645432 -46.197112896652 65.56089073198282
conglomerate 4 5560.0 2.174802295932477 14.579207841445308 -30.30011149187011 59.18773063752173
conglomerate 4 5570.0 2.4864314284155022 16.25702727143701 -34.81666265643276 146.04731637027695
conglomerate 4 5580.0 2.192709753802593 13.954386161908882 -53.9966988530782 173.89538186339337
conglomerate 4 5590.0 2.29532000330357 26.454923116881687 -55.33604866262813 95.95536460180428
conglomerate 4 5600.0 2.1749290865203004 30.10696485160535 -57.14530779219569 144.71986622133574
conglomerate 4 5610.0 2.403130646971801 29.936806841857692 -34.337025319425784 93.34270511889417
conglomerate 4 5620.0 2.3642965687901127 23.403986798456966 -41.69316207222337 92.69577968543057
conglomerate 4 5630.0 2.321754532651513 27.515525959080392 -36.208247100629386 120.47534682891568
conglomerate 4 5640.0 2.402957919876171 18.96662383833521 -43.27312242611267 112.12282638611092
conglomerate 4 5650.0 2.227368776914467 6.421152733701126 -47.83972670947673 55.60802753095107
conglomerate 4 5660.0 2.238435303217136 18.50569309524015 -31.29077776441206 93.57142081445285
conglomerate 4 5670.0 2.4597191526318545 6.612336274164827 -55.39920236056221 113.04250827301303
conglomerate 4 5680.0 2.2347882575779057 13.914918442363053 -34.742658400088274 160.5135501408507
conglomerate 4 5690.0 2.277823852393673 19.84967860446926 -23.569066709213825 95.81228718512006
conglomerate 4 5700.0 2.1626300718650837 19.913884468189792 -25.828293869746872 55.72710058513528
conglomerate 4 5710.0 2.159293922956133 30.50295084821819 -37.987367176825956 63.37507959879747
conglomerate 4 5720.0 2.1440809236056486 11.273068427369921 -44.65490435836525 142.89700336214293
conglomerate 4 5730.0 2.2962149877017795 28.858238930675114 -35.93767126308176 89.1153707264196
conglomerate 4 5740.0 2.2854911994821956 15.201271139775232 -35.96575695338048 87.10107158806338
conglomerate 4 5750.0 2.2140617674163754 28.73836643165106 -53.97724831795698 133.5901655342819
conglomerate 4 5760.0 2.2996382468014622 14.700166106664408 -48.52233516157853 109.10381076127256
conglomerate 4 5770.0 2.396896630307479 13.958840238750474 -36.61270567024046 103.37884231073444
conglomerate 4 5780.0 2.2399388832101517 15.987963965827227 -55.35074773253576 142.9514187700361
conglomerate 4 5790.0 2.4355326126340895 16.919181450199083 -62.905639061885736 119.31712688212698
conglomerate 4 5800.0 2.48092157991847 9.910429819902275 -58.126648521100165 91.6066135624709
conglomerate 4 5810.0 2.2807075299185087 20.411047747799508 -41.8082332848374 83.26597811893254
conglomerate 4 5820.0 2.2885937268828367 13.870794937172931 -36.01559297095945 92.65602035589166
conglomerate 4 5830.0 2.353965550200817 15.21887853285143 -64.83617663522357 77.95487940851903
conglomerate 4 5840.0 2.1894452102346666 32.633668385317904 -47.55803490645762 99.63802495095214
conglomerate 4 5850.0 2.283586478589252 18.7902373274878 -57.50320534901732 171.0401418448997
conglomerate 4 5860.0 2.239770168393303 26.998671541350422 -38.98283635388097 101.94092392928427
conglomerate 4 5870.0 2.4663051081034486 35.50650847789069 -27.478703269532478 128.78546965055824
conglomerate 4 5880.0 2.18053864651966 17.1797812416278 -47.53617085253498 50.28918857115579
conglomerate 4 5890.0 2.1618649685408484 18.81340270179763 -41.598406392493445 61.51981462061832
conglomerate 4 5900.0 2.295561020774896 10.363014282042501 -44.569996805159356 129.03294073214317
conglomerate 4 5910.0 2.3205376088924536 17.566741898325308 -20.012732560962448 111.9651697241994
conglomerate 4 5920.0 2.1443067493080368 22.95395685279644 -31.80483356332806 47.80932637252644
conglomerate 4 5930.0 2.0532765214682884 17.650018484562757 -30.199977507068393 128.91151746603396
conglomerate 4 5940.0 2.297430524189284 18.786292653585516 -46.50975122052544 79.41666087464145
conglomerate 4 5950.0 2.302406556262106 22.36597540215918 -31.037075489668787 119.61048932626696
conglomerate 4 5960.0 2.3504961901219477 20.786148766409 -57.80953384539417 70.30587402703404
conglomerate 4 5970.0 2.3007884646155308 19.15471015703485 -55.17149805075039 115.8213379385324
conglomerate 4 5980.0 2.1834728822859866 21.90453381339289 -42.55557243770651 142.30311049331164
conglomerate 4 5990.0 2.310861457859501 29.27789226077992 -55.90453111092813 168.8755706373911
conglomerate 4 6000.0 2.407374385644447 29.765704416897343 -32.07522008357272 129.50275604740293
conglomerate 4 6010.0 2.2157373579781674 23.491545098930587 -42.02841088987889 79.02476969315305
conglomerate 4 6020.0 2.2513069017836065 25.58112370248464 -45.16758433482584 104.00616613136555
conglomerate 4 6030.0 2.39294086429752 11.79830430689612 -37.49485013151667 91.86893089939514
conglomerate 4 6040.0 2.2037422581266375 23.798715634096425 -34.52701033578208 126.7097795876463
conglomerate 4 6050.0 2.299457888101065 17.15786045901958 -34.6641710517142 145.03248104066418
conglomerate 4 6060.0 2.219234295520699 18.454396855844216 -48.72242807585202 128.9094595875864
conglomerate 4 6070.0 2.2103255743240577 21.464290980061236 -43.686729507430435 116.10880819554924
conglomerate 4 6080.0 2.321121315515082 13.088583472744826 -51.16251678103035 123.25900594233363
conglomerate 4 6090.0 2.196967795403088 28.256380520398743 -48.86641754361128 70.31259929318084
conglomerate 4 6100.0 2.2495474867388023 13.52670148310838 -48.67707986287933 146.30457635196322
conglomerate 4 6110.0 2.3921492223585936 29.78110056232691 -48.77331018144858 130.629011016397
conglomerate 4 6120.0 2.368661395719818 7.697143711013018 -42.301367796510775 94.40570433883158
conglomerate 4 6130.0 2.335038877047767 8.990610567118114 -34.81569787215808 126.21851764815713
conglomerate 4 6140.0 2.2798066987174357 20.435725808332833 -45.510855118492216 89.53513455592218
conglomerate 4 6150.0 2.389083449590109 24.118650710269357 -61.16105484008435 109.52194245270965
conglomerate 4 6160.0 2.3909548717671245 15.174428215155597 -41.62316996626458 63.02634567722959
conglomerate 4 6170.0 2.2531759951435464 17.413047866984993 -26.148706517313077 142.6909310850764
conglomerate 4 6180.0 2.2882685800409766 10.422266100055758 -45.03594727579114 137.92884518655495
conglomerate 4 6190.0 2.2212572964424315 22.287060268988284 -18.456143500270528 112.32778185368879
conglomerate 4 6200.0 2.370345595827745 12.573887854273124 -32.5731826824221 164.57659418115617
conglomerate 4 6210.0 2.1760423575065104 18.03528907966154 -44.8732027368107 124.08722282783077
conglomerate 4 6220.0 2.3431907212047403 42.499914540801015 -32.998135833021315 116.04341803480314
conglomerate 4 6230.0 2.362993852654355 26.47571762041397 -28.60075750971089 98.9017463834597
conglomerate 4 6240.0 2.4453700681653965 18.35024795204614 -14.098496991269005 61.60198820850474
conglomerate 4 6250.0 2.2753340693763464 34.54636359087105 -17.787397675646385 63.091055544398586
conglomerate 4 6260.0 2.3538172298191995 21.4889372308892 0.18033962609506027 128.28634616469122
conglomerate 4 6270.0 2.4489944514795896 33.88504303873559 4.749270933014997 71.50476387987821
conglomerate 4 6280.0 2.6000340132866153 21.481015343905746 22.320077579104122 66.50324231976143
Crystalline 5 6290.0 2.6189271221803176 34.16906880773754 37.45571680207568 86.9870855026964
Crystalline 5 6300.0 2.7524386990640712 32.48349411372786 31.62646190015704 59.32017826149733
Crystalline 5 6310.0 2.5738368324787904 43.238837280053126 42.29567959884476 65.55545583373107
Crystalline 5 6320.0 2.7136087587562496 41.06051118389691 47.90071090861582 88.00196478964854
Crystalline 5 6330.0 2.7382700389599766 33.92097355230174 47.471811977754896 3.9527491524967573
Crystalline 5 6340.0 2.692945983024556 37.83396228535207 51.89917910942097 51.09001559758618
Crystalline 5 6350.0 2.9613779864937997 24.22422103926173 52.90043375836562 108.73546753581033
Crystalline 5 6360.0 2.706540598450677 43.7326986482239 56.616816117719395 91.40446221663353
Crystalline 5 6370.0 2.733264905587349 43.72284510876656 78.91167752473541 41.60946143436027
Crystalline 5 6380.0 2.7337061208987885 50.48689582033779 74.76980068530251 7.861895012572191
Crystalline 5 6390.0 2.8196729362864197 62.421934195941375 67.02881319991987 78.54799556315439
Crystalline 5 6400.0 2.755785036284914 45.2811492375314 81.40697587589058 59.58386797235497
Crystalline 5 6410.0 2.8729105801069545 43.07003209996427 65.6682254541551 48.36738642372125
Crystalline 5 6420.0 2.721036612222862 52.930527100929936 94.62615436231826 59.970748359205125
Crystalline 5 6430.0 2.6389305869726045 37.63281551176059 92.12307219352488 54.37939310275965
Crystalline 5 6440.0 2.770162016605435 42.197389277444806 59.40219048302313 25.79423062915866
Crystalline 5 6450.0 2.8211320558017214 28.410431701702592 72.13126323171133 43.972036497627094
Crystalline 5 6460.0 2.660321101189156 31.400318527132633 77.75975203306024 102.84089038377176
Crystalline 5 6470.0 2.782375103545671 34.57072067360051 68.00493182937493 78.92205266664901
Crystalline 5 6480.0 2.8659061114824635 35.324492242005824 58.222576595843854 51.61723735214759
Crystalline 5 6490.0 2.7953648225126178 45.0861006583597 74.19001592076332 80.29896022481101
Crystalline 5 6500.0 2.8084938353111917 41.02601418641538 65.18274246517255 110.58595298574203
Crystalline 5 6510.0 2.7929457750936755 22.996738979055813 66.4901373827764 -26.08103436178464
Crystalline 5 6520.0 2.7372295278829335 36.94101655738462 66.81517586971519 24.766595275447802
Crystalline 5 6530.0 2.6651984149346606 42.404347447419326 80.08857966736879 103.4849934251749
Crystalline 5 6540.0 2.848212597079492 41.856948377145805 70.30247967620056 31.229339934104605
Crystalline 5 6550.0 2.7667470009621167 45.687868382152175 74.35939747714549 51.683450255861935
Crystalline 5 6560.0 2.6623077060842415 45.55775089297267 71.88395145207383 72.3872562297036
Crystalline 5 6570.0 2.7794567381631574 46.91411204187247 66.48354121482926 42.51360910417466
Crystalline 5 6580.0 2.755523894004679 31.816371873158854 64.08206846178568 48.63475869585705
Crystalline 5 6590.0 2.715974765939675 33.7811628317293 60.48834133154869 113.6746215755033
Crystalline 5 6600.0 2.456937320943921 27.956173016524932 75.72567548106548 22.32305475390075
Crystalline 5 6610.0 2.642476872960684 40.70772038809733 56.05424787288693 80.6030923438062
Crystalline 5 6620.0 2.6851729880416473 45.57526506556925 72.70599780408082 90.94093747488901
Crystalline 5 6630.0 2.7362057135056355 28.751822264881476 75.59130055586685 32.96295592079497
Crystalline 5 6640.0 2.695060028335101 41.71556410031008 75.55397475105109 50.41012995166771
Crystalline 5 6650.0 2.662717866234025 42.06093854940727 66.36097106148546 60.98208442578149
Crystalline 5 6660.0 2.7050307549688464 55.45213771765728 70.28535708211282 62.59449405583762
Crystalline 5 6670.0 2.636823339926131 42.33882941289809 82.11422814847596 38.47683305820537
Crystalline 5 6680.0 2.797467381611776 41.752595868379046 71.03652730970632 31.17178982229776
Crystalline 5 6690.0 2.668116345934193 47.718917301362495 75.99227999316406 82.88653724280711
Crystalline 5 6700.0 2.8430225776496294 37.3047479651276 75.27998657833845 103.83154643594621
Crystalline 5 6710.0 2.6935063816570515 38.659105887519885 66.6514931203796 36.99599059517534
Crystalline 5 6720.0 2.530551058524106 35.366687643008106 63.69469646830234 64.82751383644388
Crystalline 5 6730.0 2.943553883568021 56.38436454319265 51.82334917211321 68.39684808100685
Crystalline 5 6740.0 2.9154783549387395 43.65970064073649 62.575349435488285 104.02633060072435
Crystalline 5 6750.0 2.89334882943092 43.45017803173318 56.6756013627058 99.51161222031047
Crystalline 5 6760.0 2.68099120611366 31.936497763589276 72.4155248692832 47.15257764348679
Crystalline 5 6770.0 2.8048504437721937 38.76399430804155 77.30472651001047 -32.201722205312954
Crystalline 5 6780.0 2.640508774279407 45.778309391199784 85.55376689208117 76.05579304280789
Crystalline 5 6790.0 2.6245401908445873 36.564300053407365 64.49630725652905 38.07564222314053
Crystalline 5 6800.0 2.553182783097996 45.32513745731534 62.70606063551843 92.01005453190866
Crystalline 5 6810.0 2.6943091935636265 36.239577396533925 74.944658110689 10.982480562610213
Crystalline 5 6820.0 2.713457071642532 31.76018322116149 73.86381059591659 61.45280743842287
Crystalline 5 6830.0 2.8241637225956135 34.981654310497646 57.10547260684297 52.94691406137938
Crystalline 5 6840.0 2.7515197525511277 28.898543183511674 77.01573198039259 47.336410090615
Crystalline 5 6850.0 2.8835718428610297 30.715483675647064 51.710006228652844 60.707676097952444
Crystalline 5 6860.0 2.648813245818374 46.876802621713864 62.366905306735376 105.17491793322746
Crystalline 5 6870.0 2.741126437283141 37.450433100180476 69.30095604766005 46.351944371044084
Crystalline 5 6880.0 2.7409224783733674 32.477421507430066 44.344078906770754 69.12697535612006
Crystalline 5 6890.0 2.8449025023289805 44.5111873976414 86.99586677301 51.8597241082138
Crystalline 5 6900.0 2.7438101009631137 39.4906164159929 75.66255519770881 59.52559795205984
Crystalline 5 6910.0 2.906794512711853 51.235538001233905 60.97554706809984 -9.586860203143935
Crystalline 5 6920.0 2.704341657036128 34.91361471936617 54.502510707764706 60.034741059947926
Crystalline 5 6930.0 2.6812063330167097 35.050823914093264 55.11325344097457 -4.771759253407602
Crystalline 5 6940.0 2.564833060121287 37.83575843836229 57.91203313242175 40.17688689481995
Crystalline 5 6950.0 2.6395079202815865 39.133712996318465 68.00544416152974 21.450383270261582
Crystalline 5 6960.0 2.384828343658141 17.21389108816306 44.66112601603312 75.05553255952707
Crystalline 5 6970.0 1.7710003567575439 27.554115072312285 49.34869308555198 83.79193986746876
Crystalline 5 6980.0 1.454270957967224 23.544541825324707 18.46705842756874 45.44411341209199
