Litologia codigo prof RHOB GR SP DT
Shale2 1 10.0 1.3033641329267889 66.3794056656115 57.07630378593969 295.45706387206445
Shale2 1 20.0 1.5138949872986531 73.80182748855701 41.03176226234118 319.7857910671869
Shale2 1 30.0 1.6637516117287738 72.191046123501 36.27188485457596 282.90448891972085
Shale2 1 40.0 1.9264198905101564 70.51577022638628 29.31442796751025 384.74226533602985
Shale2 1 50.0 2.1509303238399236 95.91918820608002 61.99154102392719 421.70667929001075
Shale2 1 60.0 2.3559441945412245 91.09574741039552 66.46178861405167 437.43787962275
Shale2 1 70.0 2.2997541710739475 108.81053158457107 63.71470904066239 477.33808262058733
Shale2 1 80.0 2.3367466972642528 100.71916333352134 64.13992377318897 460.86754118025846
Shale2 1 90.0 2.319763710798365 109.69205537251453 70.39007102692158 459.75605749575664
Shale2 1 100.0 2.5336437405892767 104.13239619452406 63.03512717046311 537.2065532152748
Shale2 1 110.0 2.5525049884270916 112.04874300081327 74.64611402608882 515.0753748768067
Shale2 1 120.0 2.439218341869685 99.8357252926478 84.95247819438863 515.7322549925832
Shale2 1 130.0 2.434719802116076 101.0682399949913 71.7623562430617 569.4002852875892
Shale2 1 140.0 2.6234620721527557 117.48738969155372 54.25141479128977 550.2415929439243
Shale2 1 150.0 2.5018137935566536 100.86631438363715 70.29896076221478 538.2865026306598
Shale2 1 160.0 2.489832393247069 92.22892949835467 84.28586091050647 555.3149425390153
Shale2 1 170.0 2.498379241452288 100.5315110166635 70.42811051701128 574.2140547274213
Shale2 1 180.0 2.4867868064999112 100.88512141689108 84.9288151242573 556.8775793282113
Shale2 1 190.0 2.3289099707704257 108.16742340937193 85.44481129953999 562.2205776532779
Shale2 1 200.0 2.351725663188847 109.71393362583589 54.505491071972415 521.1710010007739
Shale2 1 210.0 2.62825158927835 103.70674405855166 77.88201893010424 501.751775377903
Shale2 1 220.0 2.423898182729782 102.3647559863168 62.517372697888604 604.9833972440671
Shale2 1 230.0 2.6266270636492255 103.04304210583803 67.29713448720368 510.43067797179606
Shale2 1 240.0 2.4133652731798887 114.97979408208036 85.98279816939062 533.3539337416385
Shale2 1 250.0 2.6160887195855733 115.1496210114841 50.9263203910411 537.1327507690405
Shale2 1 260.0 2.4820610501323994 113.14898197568947 70.53034895170279 582.7578604504782
Shale2 1 270.0 2.751925254534357 111.61716346590411 69.78373783833713 539.3483925404204
Shale2 1 280.0 2.6274828994792796 117.11762654986516 79.22738747916442 546.1739165854201
Shale2 1 290.0 2.5238672271828126 122.34224602862577 79.12863552079013 593.3702410022886
Shale2 1 300.0 2.6066492607813077 108.46792768004703 75.18820287186131 586.3818531077154
Shale2 1 310.0 2.5932765483306484 114.30871302216178 65.52796288697132 557.0543298670275
Shale2 1 320.0 2.4479320170460452 105.2527991499965 63.307374994610996 551.6069226901216
Shale2 1 330.0 2.5492262069202587 118.77326552665647 64.3806574103735 631.5647757235538
Shale2 1 340.0 2.3955049267784467 115.34783735051255 63.98824179388166 524.4786036245016
Shale2 1 350.0 2.506818895863786 123.92876575213455 63.17357026706436 554.2715292181748
Shale2 1 360.0 2.483912370443364 121.29854511907172 78.96651055665282 563.4899951491667
Shale2 1 370.0 2.5030252553572376 104.0447222731265 69.69910248673725 590.8750727084421
Shale2 1 380.0 2.466699667215143 114.83824470692748 70.70221455741529 534.2531784112368
Shale2 1 390.0 2.5253724461497074 123.07943044107347 62.16926262365098 569.0894681027978
Shale2 1 400.0 2.464689095694359 106.04644212020894 66.23127744869885 578.0290677135346
Shale2 1 410.0 2.428572672218786 109.7002149762612 69.1933395083492 530.9429204480953
Shale2 1 420.0 2.5639759668757196 110.32141353061877 72.6725893512026 549.3128862344496
Shale2 1 430.0 2.3377099009836937 106.84390763824082 63.25635085897032 591.8480729239866
Shale2 1 440.0 2.5551796773821964 112.43146604438154 95.74868604013646 545.2524252498642
Shale2 1 450.0 2.405601678442496 105.37232167456008 82.7868325026784 565.4019519064518
Shale2 1 460.0 2.607082885949888 105.03689990071273 56.305059730645496 563.0319744562333
Shale2 1 470.0 2.4862057489715332 108.95733239747435 64.88792973111362 553.0647289590992
Shale2 1 480.0 2.371086908934531 105.71332182177606 73.31274821662477 589.4291842221861
Shale2 1 490.0 2.447909000373922 115.93728119090386 68.31702182077862 512.2140890564401
Shale2 1 500.0 2.366202466053565 105.11291711800092 50.657384314585656 596.9880082852975
Shale2 1 510.0 2.484219363977036 103.14847000015776 85.61225133295517 568.0868510079977
Shale2 1 520.0 2.443573202477195 104.31383523052668 60.419864334233644 577.8477270370648
Shale2 1 530.0 2.5107812806780743 108.38425517055059 66.22297294925478 564.4884539742944
Shale2 1 540.0 2.704312974499347 103.27364980439468 84.55449797539796 547.603081444903
Shale2 1 550.0 2.653789048433034 116.89226647860286 55.76729285850781 618.11390836361
Shale2 1 560.0 2.5455810094328912 118.70856685336263 72.10867015390583 563.1402956613701
Shale2 1 570.0 2.5573043112383322 100.95520465205264 72.42340503281152 570.7765466117905
Shale2 1 580.0 2.3726323254786728 103.30742097897944 71.84479890652885 530.9511392294283
Shale2 1 590.0 2.4612889314826196 118.2992077954765 83.14970470753502 547.888901936805
Shale2 1 600.0 2.583563741157892 109.70009270333915 76.5162556715054 528.2587879089948
Shale2 1 610.0 2.4924240219125338 106.86040636035263 55.947611494247624 531.9700103749161
Shale2 1 620.0 2.472309344643845 113.58731684302 72.70665863677402 592.0632594113406
Shale2 1 630.0 2.517885949546045 110.11496653654035 60.18631668919001 529.3112071217175
Shale2 1 640.0 2.4565537253071446 104.20910780903758 61.135102350955776 591.2612801950131
Shale2 1 650.0 2.606276388578793 123.21797014657935 55.72888737645827 522.2931093259232
Shale2 1 660.0 2.397809176999672 109.83783538793607 70.62742314754692 583.2222757595345
Shale2 1 670.0 2.3807812162163122 108.12318899475058 51.66708566761804 586.5137246725618
Shale2 1 680.0 2.565991185030151 112.4409492589067 66.07297130879664 605.1321779441812
Shale2 1 690.0 2.2812077041278824 123.05437105136885 69.35220567289547 531.5999147283211
Shale2 1 700.0 2.4427928297584027 93.86649925481163 60.96086225923773 549.6049228517085
Shale2 1 710.0 2.5201225477074485 104.00022978716021 60.68465070817115 559.6357983020715
Shale2 1 720.0 2.3755627059842 103.23988315639666 71.88096540833538 531.0337880826993
Shale2 1 730.0 2.4939364024048816 119.7276620768807 67.0538664298441 502.1509588556436
Shale2 1 740.0 2.536623480750743 111.2125405277105 74.39644142527183 525.1598045024025
Shale2 1 750.0 2.3797901681024163 106.8417284972203 66.66624020759915 591.3228405551413
Shale2 1 760.0 2.570044250328377 101.36184585782095 67.81639115720755 585.4095635981886
Shale2 1 770.0 2.518491877451192 96.90955846448142 94.82866028150819 573.0453964276012
Shale2 1 780.0 2.405246784708883 123.10822849576996 75.42952266012828 545.5357971550322
Shale2 1 790.0 2.430123662938664 106.34393825401084 57.272947351660655 530.5616632934166
Shale2 1 800.0 2.517312305082564 108.02211458717665 77.36340899832322 538.0390760833062
Shale2 1 810.0 2.4967689981160626 101.05541849518768 62.169349806217944 550.4380052763755
Shale2 1 820.0 2.3365566971117255 114.29028691835543 60.02393944242609 538.3093947688268
Shale2 1 830.0 2.478339455148155 100.39985822797722 63.57516594709259 518.1358150640575
Shale2 1 840.0 2.513829977855858 104.2453149567598 66.20941829755806 517.0637305107928
Shale2 1 850.0 2.3372978816799908 107.71705619014168 60.324098831313876 550.494133050902
Shale2 1 860.0 2.446901665426773 106.65444193446568 75.91972234257315 530.9306155151011
Shale2 1 870.0 2.5014544541568364 89.7659848096429 53.127216578609605 525.4906072723755
Shale2 1 880.0 2.460100487506671 110.75767677892 61.35223508455856 485.02802437385157
Shale2 1 890.0 2.7001186624562545 90.9499713613805 46.95857795762623 422.64220029024114
Shale2 1 900.0 2.524681085557711 100.08058443307534 29.42207903152839 479.954820821369
Shale2 1 910.0 2.2377597978150066 97.78660241645707 29.35116520623571 486.9361474266525
Shale2 1 920.0 2.4838303050385635 84.19463113901779 22.43826850238199 381.15799427787016
Shale2 1 930.0 2.6480300041004408 71.91358840310275 36.636961744623676 368.192682566066
Dolomite 2 940.0 2.641075305626297 74.696292183238 16.73519195471838 335.3431338766295
Dolomite 2 950.0 2.6436692535291164 71.46747854616524 7.175234951193825 333.1152112108947
Dolomite 2 960.0 2.4248324865436133 60.792940592379274 -39.60612797595981 307.5331694934871
Dolomite 2 970.0 2.680224023340252 56.37012063557319 -18.186105581933198 249.2106888508194
Dolomite 2 980.0 2.5163769441567476 60.39231559105481 -28.0805215947312 307.0407382191258
Dolomite 2 990.0 2.3351056495824567 46.589773554977015 -44.1016261697516 225.9937864224397
Dolomite 2 1000.0 2.503384927954473 33.13653564030984 -37.571709216606415 160.40803921156444
Dolomite 2 1010.0 2.663089661100851 28.550198260309017 -38.65435190195713 120.67520866833057
Dolomite 2 1020.0 2.400162846595605 46.865962263304255 -59.90020780338227 143.10448049629218
Dolomite 2 1030.0 2.601183417975242 36.03230996940717 -60.253916213819736 176.30857695377915
Dolomite 2 1040.0 2.3721164570560918 31.047664030902318 -55.92436078098408 138.93953738860708
Dolomite 2 1050.0 2.4144942261737032 38.82004705249214 -59.12050279431577 139.9709708345223
Dolomite 2 1060.0 2.517926223967811 45.81810307750043 -65.01400471127984 149.9759476621644
Dolomite 2 1070.0 2.533647198721308 47.59428067818207 -64.93130916718955 205.0686927636561
Dolomite 2 1080.0 2.57561448785079 35.91453591278157 -45.22086629366491 179.36445049197513
Dolomite 2 1090.0 2.6808278309524303 42.98968630260152 -56.943883029041146 171.92168019870897
Dolomite 2 1100.0 2.4993879037728712 33.4896261468088 -65.99587536092693 133.78935250986115
Dolomite 2 1110.0 2.3880080545182225 43.67294363201472 -60.348135879253306 139.65295087577684
Dolomite 2 1120.0 2.547519138685611 49.447437687779505 -70.23385557021393 179.46223815460354
Dolomite 2 1130.0 2.6238219611779274 32.05967461287258 -53.17206178195183 114.7621045147216
Dolomite 2 1140.0 2.4212660613079144 29.34106510204126 -68.68480383300314 169.66853309206783
Dolomite 2 1150.0 2.475919590191461 36.05778980472323 -49.11729934117293 137.9526274782572
Dolomite 2 1160.0 2.4071362229741813 35.94781208224521 -73.23173482189564 133.2242446541799
Dolomite 2 1170.0 2.527150183935553 40.74681326011558 -72.61731589341842 175.19470028124698
Dolomite 2 1180.0 2.376938927256225 42.30657553822718 -64.79406272815623 140.5109555333512
Dolomite 2 1190.0 2.4841122460474967 34.3100184326038 -59.70916578765214 103.36545642491123
Dolomite 2 1200.0 2.4902617465787835 46.430992842505546 -51.66600078024217 154.9354313275469
Dolomite 2 1210.0 2.6152473776783953 46.706592671479 -53.75099721032013 157.55362624987447
Dolomite 2 1220.0 2.476880534372852 40.74112408800971 -80.56100570470602 88.9331949454492
Dolomite 2 1230.0 2.581767039828389 39.22662311178713 -66.68406371088213 170.4891537963172
Dolomite 2 1240.0 2.3281217716751095 53.765520182978605 -59.954470814107545 197.93480724742764
Dolomite 2 1250.0 2.3619803352429747 40.52020602523149 -71.7902164912832 126.3153073316629
Dolomite 2 1260.0 2.5521096007073565 46.12275522818197 -67.15190511069987 197.60619412122415
Dolomite 2 1270.0 2.341627988954911 39.57873082063442 -69.29251223690825 108.754245242781
Dolomite 2 1280.0 2.303329964969239 26.878498446827933 -45.0340206651483 122.99296997312666
Dolomite 2 1290.0 2.4854204957167227 45.089482912216745 -65.79318644232373 145.3120105312566
Dolomite 2 1300.0 2.3636225203474255 48.56749189431622 -62.01103638790422 81.93385547392822
Dolomite 2 1310.0 2.3930619140816725 50.9507614709484 -68.95767530002355 122.53000651604206
Dolomite 2 1320.0 2.406006124104547 40.348537761581326 -51.24082746521803 175.53283987916316
Dolomite 2 1330.0 2.5055795172964066 26.969130075856647 -53.19098576554343 124.64685414853518
Dolomite 2 1340.0 2.395124945514876 40.80920860398892 -55.99824022336163 148.75963805582083
Dolomite 2 1350.0 2.4769970698065644 49.55112903082219 -57.91792981889984 162.92260097866236
Dolomite 2 1360.0 2.676198075741779 36.86700014209524 -71.33273530156146 129.14344680199844
Dolomite 2 1370.0 2.479069534967761 38.16608775580396 -60.75395737439934 139.24264026977988
Dolomite 2 1380.0 2.212839571484881 51.91338870988415 -65.65136129674012 107.02574265140704
Dolomite 2 1390.0 2.524563732297552 41.47104377135823 -54.34537227266377 126.8047432425011
Dolomite 2 1400.0 2.6079739001907853 22.529897601009246 -57.40841121357187 173.0416603135009
Dolomite 2 1410.0 2.5943790656961765 38.65379746423375 -68.00057907959324 96.31702267994396
Dolomite 2 1420.0 2.4592618302092313 46.320266537263365 -29.194645519441437 131.3422015568434
Dolomite 2 1430.0 2.4997206870046944 25.997153605989823 -53.28569142090348 144.96942756196526
Dolomite 2 1440.0 2.58552629952702 35.37959868424544 -32.451460000275866 56.70143028135989
Dolomite 2 1450.0 2.7022009307555157 36.15518415297727 -37.51494065552509 114.67334004433783
Dolomite 2 1460.0 2.5867990161106054 32.20907567091527 -27.48155361666544 121.62084273103909
Diabase 3 1470.0 2.6245983671978985 39.0548252308826 -32.51017372275303 72.28847906558524
Diabase 3 1480.0 2.6386566240447467 35.13452625000001 -20.347036916754856 76.26467883426508
Diabase 3 1490.0 2.769452037359137 32.80243709705757 -31.990302288953085 81.07441503199665
Diabase 3 1500.0 2.6781532022250363 42.456913800946324 -14.547789961330125 105.2517396150951
Diabase 3 1510.0 2.833494403900756 35.34535414953948 -26.578705839809768 116.49009239966205
Diabase 3 1520.0 2.909720537899056 29.952121873550485 0.9055501870170222 141.63296810857346
Diabase 3 1530.0 2.8366343948893586 41.30462820936171 -13.067331843138753 74.57017405598674
Diabase 3 1540.0 2.8001583592870904 27.3344208468858 -0.7642371404666541 109.6326442735716
Diabase 3 1550.0 2.6257076807807227 23.404020316524765 0.9547243746187415 48.087845130708956
Diabase 3 1560.0 2.971355558220193 24.377994957544487 -6.999422186195078 69.12430698251421
Diabase 3 1570.0 2.6788471744674465 28.686365293466096 10.56813954847556 48.67346342671642
Diabase 3 1580.0 3.0061452210966655 41.44333893307688 8.741461440971865 62.55708328065028
Diabase 3 1590.0 2.906232215453078 33.919324813382964 -12.522226431309539 43.12027998386061
Diabase 3 1600.0 2.696749938513328 32.26332520677167 6.400472875756042 56.51212411183835
Diabase 3 1610.0 2.6844236434849567 25.026411565334772 -0.34177207172284674 105.89885046730387
Diabase 3 1620.0 2.951282861000997 23.27782191447065 6.6148866822575805 89.97071355240584
Diabase 3 1630.0 2.815766722570049 41.38453667327672 1.0659186525073423 74.70713419629251
Diabase 3 1640.0 2.6083550249859573 24.1361506885034 5.3243337012058545 67.22439588713507
Diabase 3 1650.0 2.8189959425337685 29.986188460425474 12.926923514131477 41.35246676931864
Diabase 3 1660.0 2.6381878568049446 32.065882114451924 -5.586987195278736 24.99945930214006
Diabase 3 1670.0 2.530911777606755 36.19982439628245 -32.687849613948956 34.29770816798706
Diabase 3 1680.0 2.812988813664961 36.09195411527025 -31.041439769657398 42.333166488262854
Dolomite 2 1690.0 2.73780122482883 32.59476915686622 -43.135422689352396 152.42477429259304
Dolomite 2 1700.0 2.7388577074359968 31.820381435774898 -26.205097233019924 170.9156251358482
Dolomite 2 1710.0 2.643680216357065 45.10398187323651 -37.977573473578815 104.75816760145314
Dolomite 2 1720.0 2.4517194815698806 26.875168694668126 -27.078942694458608 107.40058620639081
Dolomite 2 1730.0 2.499087944534795 47.13361010687649 -52.4285516497134 145.58794673641734
Dolomite 2 1740.0 2.4461619825991274 36.23562226619926 -51.49205163815633 66.97227017566603
Dolomite 2 1750.0 2.468597144046277 32.95061931398931 -66.94194942122091 125.7322140308124
Dolomite 2 1760.0 2.415832056681216 45.77750709054375 -54.254051758100196 113.81226141479291
Dolomite 2 1770.0 2.6229409252276787 40.031812834567994 -37.01145188345204 123.58402936811412
Dolomite 2 1780.0 2.497791777538301 35.61966594219822 -59.90564360609248 98.45634331525949
Dolomite 2 1790.0 2.5644101153176533 36.05016277150073 -56.46958175486297 129.32458696264615
Dolomite 2 1800.0 2.621150987457041 46.51986596601566 -59.08158840267902 97.6256159978519
Dolomite 2 1810.0 2.595754933054328 36.788446243044156 -50.5403752493084 168.77294932395068
Dolomite 2 1820.0 2.627509189480193 29.609396627702 -61.95916279142965 124.51437200747371
Dolomite 2 1830.0 2.4255961012833995 25.534935431017324 -39.77246897500881 148.83866028929566
Dolomite 2 1840.0 2.5527433591224242 38.56902274452578 -59.562030959916115 150.51193859358074
Dolomite 2 1850.0 2.3587054844405984 40.32116314031311 -80.59093897869957 137.3055154126899
Dolomite 2 1860.0 2.3800237690649944 38.642083955898 -65.98376039400513 115.89650671780974
Dolomite 2 1870.0 2.475681575773457 45.14590953264921 -44.68211984331646 125.86046010386474
Dolomite 2 1880.0 2.650422658749422 35.15251092361801 -60.480468706916916 191.63405032434653
Dolomite 2 1890.0 2.5014853242047757 30.900543555088518 -65.92102065020296 109.82750163582762
Dolomite 2 1900.0 2.3980305677339993 32.24420513400406 -61.55770552893988 166.40936401679187
Dolomite 2 1910.0 2.5202257721063814 30.557178255320018 -44.8919244153285 157.7441548037853
Dolomite 2 1920.0 2.4827180755784886 38.86679441305751 -74.49777735238101 172.1212095939394
Dolomite 2 1930.0 2.5055218584965924 27.501675419361057 -52.65172472033477 147.08237262569247
Dolomite 2 1940.0 2.496485341698257 46.915754569320754 -53.915602325923786 120.31372651743487
Dolomite 2 1950.0 2.3230233045558277 38.29532402121338 -64.08157912927273 124.57171562270176
Dolomite 2 1960.0 2.330993528656708 45.51246168261207 -50.92736711552021 148.8709764940376
Dolomite 2 1970.0 2.382472009417545 30.373675082538963 -58.54434089687592 127.26053713411255
Dolomite 2 1980.0 2.67057746661544 40.412576782327264 -60.21723073425245 130.3198337944228
Dolomite 2 1990.0 2.4216239560186255 37.63302878178834 -53.89848837574777 141.59844497341513
Dolomite 2 2000.0 2.486987590433673 33.67926644381256 -54.718851724847866 90.96405150023699
Dolomite 2 2010.0 2.5347850388303894 42.744272313964586 -64.93080247501031 151.79349320926514
Dolomite 2 2020.0 2.613122950141704 35.173874572664005 -72.55377377123314 128.72671930341974
Dolomite 2 2030.0 2.491439925890078 36.99628158230871 -46.76894062097081 135.8246834912989
Dolomite 2 2040.0 2.450918732194027 41.9365835847545 -80.48162154667861 152.40268848046563
Dolomite 2 2050.0 2.429990318583543 34.649456124870675 -47.38872223186408 125.29709901866872
Dolomite 2 2060.0 2.627464345063947 53.70289475105086 -52.821766042753225 180.3317580454811
Dolomite 2 2070.0 2.397189904301353 31.063195726609614 -39.80390406789165 209.0167100225915
Dolomite 2 2080.0 2.2982092546082145 39.5859990755643 -57.98506767815705 121.84623220920444
Dolomite 2 2090.0 2.517544666484061 40.752924673492515 -61.14368596929711 123.89903748700053
Dolomite 2 2100.0 2.4466637839137872 40.409480055667174 -53.44604335967446 178.23367985648937
Dolomite 2 2110.0 2.5798434441812814 36.58896668917607 -61.538009371601596 122.40085808802056
Dolomite 2 2120.0 2.59235213999569 52.276872286753424 -76.9566753885064 188.00578433275427
Dolomite 2 2130.0 2.4515482198718423 46.86057228724663 -71.9997563396604 147.9351818877147
Dolomite 2 2140.0 2.538655765967619 44.709747769205926 -53.92503258046618 131.63899356700264
Dolomite 2 2150.0 2.399871799349938 54.846103914565056 -37.19692171453168 143.0204811192405
Dolomite 2 2160.0 2.5007142138914444 49.24435481409875 -65.01282854447525 166.26393478830772
Dolomite 2 2170.0 2.375672825677231 46.210790859836486 -66.08359460135185 134.50796628895262
Dolomite 2 2180.0 2.4503434640543627 27.546306804869424 -54.576571471036466 137.67430361072607
Dolomite 2 2190.0 2.4350842500204917 34.752182356759214 -52.50144696638509 176.90800611580715
Dolomite 2 2200.0 2.492101834547374 35.403831697816656 -58.84783957438125 178.3791418526664
Dolomite 2 2210.0 2.5609630379276473 51.09869598853453 -60.54272301644613 150.42961901421742
Dolomite 2 2220.0 2.4956276509645314 51.842909227627246 -44.050502522736934 129.75737303621742
Dolomite 2 2230.0 2.4501766334217465 51.60246486432808 -40.27683501903721 170.86075747983588
Dolomite 2 2240.0 2.5461427111560715 52.02115451746076 -52.649310985649905 170.25359823849195
Dolomite 2 2250.0 2.5462744150524808 55.13622711555518 -29.07023983040332 166.53406410476796
Dolomite 2 2260.0 2.578616975543712 61.621511438156546 -57.35317829329972 200.09440516730834
Dolomite 2 2270.0 2.461306220012901 85.04706938369434 -23.08577875894738 158.57687581368634
Dolomite 2 2280.0 2.6602830628151417 79.89978688324594 -4.987129915918981 279.90306964887844
Dolomite 2 2290.0 2.436811196490994 103.07138179909913 -11.62651584830994 316.1791088447795
Dolomite 2 2300.0 2.5525921263659708 119.05405302928503 -19.020206246308927 303.358676444208
Shale1 6 2310.0 2.475813879023694 138.81260332010805 8.788584433768584 312.8138398046179
Shale1 6 2320.0 2.5250938943481245 160.08716047218314 14.306293965203082 335.1767157426837
Shale1 6 2330.0 2.4584589234939367 159.94201774746256 8.664523138051493 383.03152707495667
Shale1 6 2340.0 2.382164833566092 174.53646593545656 11.905173571142551 413.5965675119926
Shale1 6 2350.0 2.5679336837454327 188.9799337979645 20.46951182883283 461.18517233576847
Shale1 6 2360.0 2.516587750918279 204.46236027111934 59.99817071856057 451.4068311109535
Shale1 6 2370.0 2.6017309960764123 208.16389808257412 59.68230086405657 476.83377026734996
Shale1 6 2380.0 2.7516630991039515 214.55504205748667 44.44490005497853 510.7446283260718
Shale1 6 2390.0 2.6095144754603705 208.62534348309336 74.83465736623485 554.4121896745509
Shale1 6 2400.0 2.4173818819396606 220.8929888329814 52.95978053122524 519.3098675647494
Shale1 6 2410.0 2.4209769452191154 232.57026234004363 45.526730315161316 554.4698074102542
Shale1 6 2420.0 2.498906580882335 229.47536366723403 69.08766080721713 529.1649671100784
Shale1 6 2430.0 2.7470319441934037 232.47576485457336 56.92983998629503 551.9862796011568
Shale1 6 2440.0 2.4338974686377837 230.9707746400202 62.962372155025186 529.9276094591461
Shale1 6 2450.0 2.4616789933203265 238.91717506915776 64.66431856413229 513.6621423233611
Shale1 6 2460.0 2.5330263365229424 240.60346914144375 58.72283082490444 532.9190766072323
Shale1 6 2470.0 2.69017570837071 252.90089113839466 48.94050440368056 548.1697310469228
Shale1 6 2480.0 2.746337194660037 244.34634962416308 80.44921726518407 542.1829431345174
Shale1 6 2490.0 2.564580928722098 228.68993941274348 78.71008366688686 530.080849183508
Shale1 6 2500.0 2.6679402232380434 254.13603309724047 80.54334456593473 528.4464159225118
Shale1 6 2510.0 2.7258475668023245 243.55640493031981 70.34428181295632 471.5102136557953
Shale1 6 2520.0 2.5050600889769497 233.52086109608032 65.70598979041385 532.2855424224334
Shale1 6 2530.0 2.731527944799729 246.29479311541917 92.29808621168026 514.0888126416386
Shale1 6 2540.0 2.6805071147560042 242.83663262302684 71.78061055039292 501.4295225209079
Shale1 6 2550.0 2.5181511583344434 230.37226703525184 67.86984907879841 522.7075428602678
Shale1 6 2560.0 2.6100555060051818 210.34267584721076 80.98056401250076 517.6260385561777
Shale1 6 2570.0 2.569964085110825 224.36599126329426 62.65869443334999 465.034622131761
Shale1 6 2580.0 2.4202392399359622 220.49230685478426 63.017615548777805 505.1785801397191
Shale1 6 2590.0 2.4352010402747615 218.10813131560417 56.98639668383731 492.76003891712674
Shale1 6 2600.0 2.282367896871068 187.06627394756447 61.49877922663106 404.17367651606094
Shale1 6 2610.0 2.6635116768028517 174.87580256937323 70.93438232324493 441.71408384627676
Shale1 6 2620.0 2.527948887069576 165.5602457280805 51.81089358802655 411.82426259013096
Shale1 6 2630.0 2.475729815623251 140.01621045436053 38.37906390148898 355.5437351794764
Halite 7 2640.0 2.1896558127684607 120.44307531649632 34.182873137016465 394.14060947774846
Halite 7 2650.0 2.0826032690718077 103.6625622224364 32.50246441378917 331.4446941700995
Halite 7 2660.0 2.3076776736060434 90.01295788922623 42.37460126613837 315.7911666978231
Halite 7 2670.0 2.0942701031742414 65.34199808884296 28.95524090654473 333.02926213588836
Halite 7 2680.0 2.160650533095251 43.76206887449752 28.483037703787694 256.4449017376625
Halite 7 2690.0 2.262054495953707 38.6445252395194 9.123123834083119 277.1347716247539
Halite 7 2700.0 2.228391267349641 22.853631649963006 10.246682231675372 270.94244675632416
Halite 7 2710.0 2.204235865378726 17.260007402116155 5.099700908614617 245.67312159291978
Halite 7 2720.0 2.2155490279306096 15.430339342891365 27.062927510404982 224.4909988994436
Halite 7 2730.0 2.236774037733084 8.263417770438718 7.019372593611132 212.4883863811075
Halite 7 2740.0 1.991955663201728 5.105418456978615 2.4760131531692418 224.84306790968458
Halite 7 2750.0 2.193730250856815 11.17327691623298 4.821988835832833 273.3645062415622
Halite 7 2760.0 2.1643338863466197 13.377542952190375 10.072637783834432 255.4618467506637
Halite 7 2770.0 2.131347786900763 6.494569624745477 0.7932166159586114 229.2760740727269
Halite 7 2780.0 2.380446182934289 13.663563243838837 -0.4926282510775426 274.67361370515243
Halite 7 2790.0 2.28611145355978 23.4171015548101 17.256691076589448 229.34835474061114
Halite 7 2800.0 2.132411290916715 -2.0158520297358873 3.238470971005987 245.83887929696203
Halite 7 2810.0 2.0026260503953206 10.96279062227551 9.888661225502473 234.33731920991252
Halite 7 2820.0 2.197861165138275 18.557263644059866 -0.6615331558011937 197.00528479403258
Halite 7 2830.0 2.1571462028446766 3.9141171295276047 13.455530800718154 231.2870020170904
Halite 7 2840.0 2.243639871901071 17.024241384648676 9.996888526621284 228.83655086125066
Halite 7 2850.0 2.2976339271258692 12.282711686062903 0.27033889625221086 215.55718408972362
Halite 7 2860.0 2.204444128497231 10.14971251835554 1.2731728858155593 245.64402028082833
Halite 7 2870.0 2.0066953064967117 25.319039000258634 5.235627575782233 245.5015414310417
Halite 7 2880.0 2.2379099090253285 15.745755485999776 17.733939241253132 182.63168985338
Halite 7 2890.0 2.299434787294239 1.8059007767200441 6.885708797827809 178.7525222450402
Halite 7 2900.0 2.1216627687087977 2.8231327249022886 10.670027702695556 185.81279426454623
Halite 7 2910.0 2.171405294920286 9.115280072689984 -9.41238168027644 244.34146425769646
Halite 7 2920.0 2.170813230807337 12.489125138123732 5.722779955528124 197.7113629308984
Halite 7 2930.0 2.230117689080912 2.9113575502056364 -7.66496555166614 213.41363524783762
Halite 7 2940.0 1.8970839352896454 19.82253270309429 4.189470465922495 230.14107204970347
Halite 7 2950.0 2.292034210999656 3.81662656515904 20.151385252829254 185.38134333682234
Halite 7 2960.0 2.1067274306856927 13.474932010360506 20.647998801296 227.089088745951
Halite 7 2970.0 2.1949757555184597 9.49433092593004 -1.1965933237341666 200.63450552954842
Halite 7 2980.0 2.4302400832391706 19.213693284353187 22.733603320856286 221.87081312367644
Halite 7 2990.0 2.096378648514156 1.8560685455225805 19.718041286507116 238.6445965756375
Halite 7 3000.0 2.0897658511034454 8.357527132011452 2.346322427791131 263.34778005537106
Halite 7 3010.0 2.3077654430511276 10.999202257965699 6.975683452264485 207.41987520766574
Halite 7 3020.0 2.468203058693298 -1.9294051866879673 12.854089878352287 206.18103405002827
Halite 7 3030.0 2.3436032926292834 15.115057700500188 4.728219163331026 174.915579582718
Halite 7 3040.0 2.2891376817887634 9.949103524078662 14.593538670325286 171.18822884490237
Halite 7 3050.0 2.4201140697011287 1.2701188461594057 28.01361309814985 101.63387953315689
Halite 7 3060.0 2.6452271158031886 4.281041049914286 21.50279659667116 159.76763381748592
Basalt 10 3070.0 2.5392998078923528 17.004494737687278 10.295946609305759 141.61210831588056
Basalt 10 3080.0 2.7638475384908303 19.0086822104702 29.699973628457162 159.4198645309207
Basalt 10 3090.0 2.61622793292425 21.0453750576924 43.47021618216074 131.05945202454274
Basalt 10 3100.0 2.8192207749684757 6.080218087164557 33.69722527977446 187.38132309744572
Basalt 10 3110.0 2.8418033434539742 24.783438117089062 25.305796790530472 102.92647539286334
Basalt 10 3120.0 2.779168299374144 10.74223077614671 33.89388163193708 81.29658313493262
Basalt 10 3130.0 2.8046963675522827 9.275209655879475 26.576742803429386 82.59292917610449
Basalt 10 3140.0 2.5843818658997577 14.833138965843846 37.9043704913525 62.57725389284306
Basalt 10 3150.0 2.9329227694747826 25.33554954489224 34.9119603704004 98.12139478304798
Basalt 10 3160.0 2.783803688790565 19.94963389071444 53.53593468125169 123.79513238083285
Basalt 10 3170.0 2.9481954383293383 14.228463459115186 48.91567278379513 -1.0908592538250872
Basalt 10 3180.0 2.965761854856823 16.136771736963333 44.197013352806806 71.15438519395781
Basalt 10 3190.0 2.8812239754923206 17.026704653120284 46.078673200516654 90.6842746658705
Basalt 10 3200.0 2.7882201550606043 5.980849596469508 38.15806080501136 39.03622527377576
Basalt 10 3210.0 2.894371740540815 16.37272369825673 42.12604454379612 98.25466837239944
Basalt 10 3220.0 3.0118702412058624 19.155962777244454 42.05256208893231 63.968328668800616
Basalt 10 3230.0 2.947530126227937 19.288207954879958 55.43236489309008 116.29520454278563
Basalt 10 3240.0 2.7864839220326454 19.946367407997034 49.87462402057563 58.31981312506985
Basalt 10 3250.0 2.921659970890642 14.084220016414246 34.27146108450277 78.4454824631536
Basalt 10 3260.0 2.8376016255412897 7.421283041290922 57.37138534085652 66.1376342584003
Basalt 10 3270.0 3.0093525515758532 5.622267788414625 66.25268073071581 43.4665195183465
Basalt 10 3280.0 3.1250894343432543 17.61029861038279 52.24354873764613 77.33417799880768
Basalt 10 3290.0 2.8942106334198363 27.585582201619687 57.126860016974064 49.20178155469171
Basalt 10 3300.0 2.923298927082176 19.514639970454454 45.1931659208752 59.041084858506636
Basalt 10 3310.0 2.797414407121401 8.40779705558048 38.87818200065901 52.61878123253846
Basalt 10 3320.0 2.7069458843401257 12.661200465965052 34.760932231112534 56.217157854715694
Basalt 10 3330.0 2.72806365911259 24.104928786807285 45.13813048580356 101.73467274898387
Basalt 10 3340.0 2.690358402955106 35.089294268866844 11.332006665870392 37.736151335841065
Basalt 10 3350.0 2.5902069053376175 8.774538608706322 30.577717593552784 71.55791426303965
Basalt 10 3360.0 2.6181778731474163 5.798824171615422 13.647491245730887 57.12326709874036
Basalt 10 3370.0 2.727168501596759 15.533466853832184 21.593256840347173 73.87201209182976
Basalt 10 3380.0 2.5226733232217295 17.246881608162912 12.936359366440705 61.14930340720338
Conglomerate 4 3390.0 2.5680034554520557 20.651541899821652 3.22838866676133 70.778065810383
Conglomerate 4 3400.0 2.6079472269208233 1.8361786821123438 3.057509746483027 168.19333652597123
Conglomerate 4 3410.0 2.249082186207165 9.58289099245835 -14.159572025779047 46.2380759280284
Conglomerate 4 3420.0 2.463567024117865 21.872241815811563 -12.483689184056123 116.6795222685762
Conglomerate 4 3430.0 2.4121766491510863 20.298994099741684 -32.39563754473293 80.54202637951673
Conglomerate 4 3440.0 2.4205472469999805 25.447395683957783 -35.56052375826094 151.99121758361505
Conglomerate 4 3450.0 2.365008715877792 28.11696447472303 -7.2588481326563254 169.51353808701168
Conglomerate 4 3460.0 2.4220369846667498 19.798451690692268 -49.12999237976912 133.83298448197152
Conglomerate 4 3470.0 2.3268904599223945 25.201839975959295 -47.700754291264374 75.30659456181833
Conglomerate 4 3480.0 2.2633686543793643 23.3346083735052 -34.7308024340187 56.54753757887374
Conglomerate 4 3490.0 2.3564242711044447 1.3577689605861423 -37.795229536809536 129.69129127682933
Conglomerate 4 3500.0 2.318137931523105 25.508241033639187 -60.67362116183939 58.92706293641428
Conglomerate 4 3510.0 2.280694837832156 17.681623073720733 -47.71191981821993 123.48953455699504
Conglomerate 4 3520.0 2.2247072743046585 3.3619479660344087 -44.45357880250294 125.69303497036353
Conglomerate 4 3530.0 2.3270073008306342 24.697493741357864 -59.28623242389439 110.92290710977045
Conglomerate 4 3540.0 2.2665324623401824 33.93300003367489 -40.04460484412318 116.84354748710666
Conglomerate 4 3550.0 2.2082360782848833 24.730236500141196 -30.175895121286864 112.89899049259247
Conglomerate 4 3560.0 2.272838756922056 29.11022147620944 -30.486385763300333 119.4715870900969
Conglomerate 4 3570.0 2.4479174333180365 16.762255572914153 -46.15500768365399 127.72377964063895
Conglomerate 4 3580.0 2.42334147176687 18.989827618241204 -52.256300590314254 113.62330297269358
Conglomerate 4 3590.0 2.2456931623506664 12.24724205616862 -56.153128851317796 52.643975207622795
Conglomerate 4 3600.0 2.4648469158134616 23.701062764162412 -23.56530212715816 79.09511329131954
Conglomerate 4 3610.0 2.1573505492488203 22.708753783963658 -35.3068046918059 136.62416979816874
Conglomerate 4 3620.0 2.2723724472964757 21.20835881670926 -43.74967959771893 96.05042833743471
Conglomerate 4 3630.0 2.4659771380523634 27.001342792343994 -39.898271817014745 103.19408241506244
Conglomerate 4 3640.0 2.4650401525967873 15.492435027605719 -42.81606850214107 68.84042465986444
Conglomerate 4 3650.0 2.4297346777880495 12.035255338760592 -51.871071789354936 64.15860180316676
Conglomerate 4 3660.0 2.3545250556504933 20.523327151126047 -25.68324904644408 116.36865376401157
Conglomerate 4 3670.0 2.3145799258930606 16.951237341272506 -42.99082638522298 108.42667056345083
Conglomerate 4 3680.0 2.3235478067509 18.987758427340207 -35.94212207591166 111.62384062807813
Conglomerate 4 3690.0 2.318207432214891 13.90007547240765 -37.277008677507936 76.03833374695199
Conglomerate 4 3700.0 2.1962190062983518 12.305518375040565 -33.93219664877675 88.81561690102137
Conglomerate 4 3710.0 2.297710958043672 11.798075158590006 -39.66214130309648 161.09460206784686
Conglomerate 4 3720.0 2.3563133662634033 27.648381614959767 -20.370432718713825 63.17248090824127
Conglomerate 4 3730.0 2.428447734263808 28.07513145673211 -47.52610475532581 67.089001517024
Conglomerate 4 3740.0 2.443294825590138 27.894007004367026 -37.344310174407426 176.4933593916523
Conglomerate 4 3750.0 2.2700318097710586 16.103374476703635 -40.43260052995584 122.42155996295176
Conglomerate 4 3760.0 2.3005372688154737 23.77651579400953 -26.75131794099745 134.83852398553722
Conglomerate 4 3770.0 2.288041945578942 26.453560897514137 -33.40198626718117 99.65205091026559
Conglomerate 4 3780.0 2.3393168706164054 26.2543168247575 -69.48994479892241 78.16176731377519
Conglomerate 4 3790.0 2.3078722364529676 12.355047251121656 -45.469609386775495 147.27577948503813
Conglomerate 4 3800.0 2.281025823601093 20.721552469641352 -46.53344935952424 133.63748926103665
Conglomerate 4 3810.0 2.248861994668603 21.812583055971473 -33.41196502269663 84.46460589509594
Conglomerate 4 3820.0 2.373107685106537 13.652833806164665 -47.25403644145832 130.70893999442137
Conglomerate 4 3830.0 2.3773941168453083 28.925877418387028 -47.248429284254925 150.8605410578648
Conglomerate 4 3840.0 2.3082153299560293 23.22828688097615 -69.1390410495479 103.6861953807976
Conglomerate 4 3850.0 2.349805572663604 20.619644579272002 -40.5353730094365 152.65555377985658
Conglomerate 4 3860.0 2.174967448709327 19.638462602122683 -36.62323791167858 140.527970181243
Conglomerate 4 3870.0 2.240476568275722 30.32824052256702 -36.425379409317 85.71033338686043
Conglomerate 4 3880.0 2.241211925598557 23.387916755651926 -37.90196838108011 113.82139901600814
Conglomerate 4 3890.0 2.4911183944085074 13.731453698675768 -26.45201968310031 112.76282799512678
Conglomerate 4 3900.0 2.1586398892412975 18.770741521803664 -45.045814907468184 148.2002159035342
Conglomerate 4 3910.0 2.288355257728006 11.23860171488494 -36.76040505171606 87.92479014345713
Conglomerate 4 3920.0 2.1235650851412737 12.76424632886871 -41.69414348590833 108.03004886192052
Conglomerate 4 3930.0 2.392563911318649 12.413436068263227 -37.42839943017691 88.16254910595708
Conglomerate 4 3940.0 2.2720514604511752 19.08891278221979 -28.335830905402602 78.48451428970522
Conglomerate 4 3950.0 2.427934392812461 35.27180929854411 -44.911142858755355 136.88301614067382
Conglomerate 4 3960.0 2.3543101999743334 17.895961638218633 -15.53182280872187 40.70528886667209
Conglomerate 4 3970.0 2.42323836432341 28.086743563546694 -51.87663355921157 196.97715619316452
Conglomerate 4 3980.0 2.2522767928702647 18.329709583808423 -37.067593396870784 64.76360822470903
Conglomerate 4 3990.0 2.3012646080981356 32.818576863318306 -36.62977112048118 92.64388742577515
Conglomerate 4 4000.0 2.2366943837996276 19.894307259077582 -37.63519741574401 137.13140840656996
Conglomerate 4 4010.0 2.2856780862746087 22.389387542619133 -44.880907805956014 111.88856993333742
Conglomerate 4 4020.0 2.2969079975672306 10.822074219513688 -35.600455433078345 130.35204147450014
Conglomerate 4 4030.0 2.4226100853143584 16.261906595059408 -42.47816266863999 41.29538272955567
Conglomerate 4 4040.0 2.2751426386609888 26.88307790655461 -43.52726075159759 60.148450488331044
Conglomerate 4 4050.0 2.223868264360503 27.773237788420392 -45.99284892442739 116.4466890261534
Conglomerate 4 4060.0 2.3819586598767706 15.039924463874566 -24.586122347172328 122.77091878414447
Conglomerate 4 4070.0 2.218081455592974 20.514383166517487 -45.02205886879418 88.97360277346452
Conglomerate 4 4080.0 2.200713477593266 4.52855832842212 -42.789056339085555 149.05014344718015
Conglomerate 4 4090.0 2.4105693488198554 15.710842881920358 -47.82398752211868 64.4235730713529
Conglomerate 4 4100.0 2.428920101858247 10.578879007572308 -53.271061710343815 101.4141971508705
Conglomerate 4 4110.0 2.1716540893978897 18.63858344785144 -44.954805184283515 111.42190109148608
Conglomerate 4 4120.0 2.297356835259599 28.220751776024727 -26.658535952298493 132.02085485175334
Conglomerate 4 4130.0 2.260720492602016 15.098449062153229 -36.50436607314219 107.82223918059888
Conglomerate 4 4140.0 2.4273215481660864 15.69335092030538 -44.802386263818796 98.76985443278872
Conglomerate 4 4150.0 2.140619173129714 39.33874375818745 -54.966837356462804 110.39228253148964
Conglomerate 4 4160.0 2.2676108555593295 23.24559665504724 -31.09249008066318 128.7060013459718
Conglomerate 4 4170.0 2.332279621727676 15.408476071423124 -48.15365854274329 141.81733799093058
Conglomerate 4 4180.0 2.2971757532056136 11.522525227422964 -44.19479915363045 104.64433540093364
Conglomerate 4 4190.0 2.3707947694479268 12.589978336702526 -29.799230043453306 95.28520355029758
Conglomerate 4 4200.0 2.3076640863842415 8.92176237266006 -44.724993002539705 60.5895892959558
Conglomerate 4 4210.0 2.3669403166862573 18.8521243174581 -46.84531459770135 163.5626778093305
Conglomerate 4 4220.0 2.1368249918576967 8.721603947157824 -39.370669208737894 127.78428506262784
Conglomerate 4 4230.0 2.30041463889395 9.07114353162432 -34.91031074108321 95.04683902646867
Conglomerate 4 4240.0 2.3051132178491183 18.649345996152803 -32.38041955524334 28.235576884778666
Conglomerate 4 4250.0 2.3176676452567206 19.840639699016524 -36.91247436323839 172.5567311081279
Conglomerate 4 4260.0 2.309354369221159 12.769360342923036 -35.89319556020357 127.66512409662643
Conglomerate 4 4270.0 2.357804339734073 9.766987484518188 -36.563698972674004 49.08898740960113
Conglomerate 4 4280.0 2.19843598929884 19.118892701661075 -31.25273676098783 76.14590225672538
Conglomerate 4 4290.0 2.299090731871026 27.206651987073116 -50.4314705582042 116.81562740082565
Conglomerate 4 4300.0 2.3430953009002002 23.02160787510303 -35.23995537723534 103.86728146180343
Conglomerate 4 4310.0 2.341629233503137 24.082263579102882 -31.000854003790373 117.8778392850018
Conglomerate 4 4320.0 2.506088619368071 11.63279066101268 -18.19042971046121 103.63515597798536
Conglomerate 4 4330.0 2.3073097076216618 29.225855795583346 -33.954840417176285 112.48175496436093
Conglomerate 4 4340.0 2.2708841041512433 23.99832014362665 -28.631398806515094 22.343376673779716
Conglomerate 4 4350.0 2.1510392487462773 18.668716586611875 -54.657265115131636 130.61235462377238
Conglomerate 4 4360.0 2.3401273670871015 29.96096036625225 -38.61021897122637 73.56570015355737
Conglomerate 4 4370.0 2.1135110214000816 19.67600267382502 -40.71589824072558 106.65301673650511
Conglomerate 4 4380.0 2.304743980366597 15.84438796011882 -33.740751584756175 149.3811560492901
Conglomerate 4 4390.0 2.225514647473155 15.040640722054727 -54.753072355017 124.83838953394103
Conglomerate 4 4400.0 2.3546740453307184 11.658820381995827 -37.04276051250751 179.82024656951285
Conglomerate 4 4410.0 2.4162670890200872 22.661693209025305 -40.27853502446222 121.69043309242025
Conglomerate 4 4420.0 2.191823813068799 28.787703040255344 -32.22861513818403 143.6222453000288
Conglomerate 4 4430.0 2.320445818456464 16.99974607439975 -38.12631073772359 73.92676296121869
Conglomerate 4 4440.0 2.2545114339166576 26.417457055553577 -27.17037027309765 145.47616377356962
Conglomerate 4 4450.0 2.4768924070861003 16.986763886732057 -47.697495400053064 105.83167477604485
Conglomerate 4 4460.0 2.318068324371656 24.886907582991338 -38.972415126692795 162.42533593063416
Conglomerate 4 4470.0 2.1936313324260053 24.53247782532696 -44.58891501201767 110.0660134882028
Conglomerate 4 4480.0 2.4645941207451187 13.033838382392368 -40.53362779512223 106.35644288546493
Conglomerate 4 4490.0 2.199605565241617 33.21340117722164 -41.744844947124 96.57090878552096
Conglomerate 4 4500.0 2.456083434577303 28.658289851831825 -42.69356156000558 144.5732670607582
Conglomerate 4 4510.0 2.292230094515088 21.067998805630886 -36.33810321298109 70.15532173352449
Conglomerate 4 4520.0 2.4182327301716966 10.274526585581476 -56.67927267135092 74.60952530710804
Conglomerate 4 4530.0 2.2398911365803063 19.426574662389392 -39.58976986787364 90.70439598923325
Conglomerate 4 4540.0 2.1839039395041153 27.853417123301487 -46.59702611084481 103.45774812904328
Conglomerate 4 4550.0 2.31210426191863 36.074047564148344 -36.34544230314835 116.79112486668956
Conglomerate 4 4560.0 2.181818323836875 29.070099511071184 -56.38952817803339 134.67326249560003
Conglomerate 4 4570.0 2.235859458113664 23.370306922667098 -31.406779518442764 118.35111012692548
Conglomerate 4 4580.0 2.3648636772683833 35.46101522091141 -54.476509790364574 159.4079134845445
Conglomerate 4 4590.0 2.4388051397394865 17.442454135396684 -22.317631747098126 94.53835688386279
Conglomerate 4 4600.0 2.1953616307086317 24.168582856181196 -39.76238997135231 66.16293763534159
Conglomerate 4 4610.0 2.158634262533303 23.18616882351581 -47.12874001924243 112.7167697751561
Conglomerate 4 4620.0 2.226759082892732 32.11313689054711 -42.179361928735695 94.65600444957163
Conglomerate 4 4630.0 2.434226536803781 22.52089192282871 -42.89678829435811 86.92918643360952
Conglomerate 4 4640.0 2.3498286810185283 26.821971871631114 -49.304484570691834 112.48521658975304
Conglomerate 4 4650.0 2.3277448966005263 17.680623921615247 -49.97058675415629 153.28404781809206
Conglomerate 4 4660.0 2.28882768965132 24.59252490582218 -41.73096317931513 100.95987469906757
Conglomerate 4 4670.0 2.483021264315296 8.907997354297503 -59.50912078242311 156.91950420052396
Conglomerate 4 4680.0 2.3297887641612096 17.074813195280846 -50.95277021797398 99.40350168618176
Conglomerate 4 4690.0 2.435972736778947 25.780645513161378 -32.08801143900287 151.80154548542748
Conglomerate 4 4700.0 2.2982556202582014 24.932439940328813 -33.29646199496808 160.78513949362338
Conglomerate 4 4710.0 2.14512443545708 13.640219058172729 -56.40246180298098 92.41940453683712
Conglomerate 4 4720.0 2.1774762465784496 31.43901097767347 -27.087051514852575 108.42981208933955
Conglomerate 4 4730.0 2.381178196099439 14.767388507629443 -30.501434766923328 137.66606709857413
Conglomerate 4 4740.0 2.468934428732877 9.215251545588771 -28.768132843520085 129.6635619478813
Conglomerate 4 4750.0 2.4748553439254897 22.199602317730047 -22.986291949336845 112.21766516775696
Conglomerate 4 4760.0 2.260524877034976 14.073073093688775 -45.74109760075103 126.8734872468138
Conglomerate 4 4770.0 2.3055565817191854 21.785278320540648 -25.214810830635912 84.62851325947292
Conglomerate 4 4780.0 2.424667348114104 8.440156143798905 -40.6977299727703 108.26649325490114
Conglomerate 4 4790.0 2.16061209928361 16.80904755668664 -44.1624933167961 123.72174387467618
Conglomerate 4 4800.0 2.2458383187244104 19.432333823642033 -42.44937514306742 46.12743736787743
Conglomerate 4 4810.0 2.3588895941912513 23.335648139503213 -33.912161203808694 99.6567590720128
Conglomerate 4 4820.0 2.2527585990136507 16.172958704658452 -48.09752831898201 88.2421701815646
Conglomerate 4 4830.0 2.3669617106630896 15.587891693093567 -41.661314087366776 76.60270850187219
Conglomerate 4 4840.0 2.3062091446189994 22.58282593751852 -44.392582102167694 129.74093890295936
Conglomerate 4 4850.0 2.2795920778896086 18.083814042074213 -34.151251853086684 98.61136573817028
Conglomerate 4 4860.0 2.3161922568094098 22.486129660836493 -47.78213676088232 102.91458013825255
Conglomerate 4 4870.0 2.1871177045562162 27.60513949946983 -48.348700836214185 96.54846806842718
Conglomerate 4 4880.0 2.4828630199522794 20.55586386252742 -50.76101666150773 116.43003433132711
Conglomerate 4 4890.0 2.153557943333773 22.440354974813534 -30.937092304738098 125.58553538656767
Conglomerate 4 4900.0 2.2492779009519155 20.004317349921003 -35.64410330019654 138.117138686485
Conglomerate 4 4910.0 2.2737780421109988 20.707856337818793 -31.54089423350284 122.27798787617334
Conglomerate 4 4920.0 2.2674125179820845 11.401714381641789 -20.974921775572547 85.28343215451376
Conglomerate 4 4930.0 2.1482318159962177 23.558950055355016 -34.515496622911435 78.10259063920276
Conglomerate 4 4940.0 2.27404607352357 20.16071108756605 -24.56684530554506 125.39030297833133
Conglomerate 4 4950.0 2.0380409724196022 23.149291347883135 -34.537523337126785 129.4429675546503
Conglomerate 4 4960.0 2.1563289342636507 32.68879590011593 -31.885747534015564 85.2513553249461
Conglomerate 4 4970.0 2.082431524051887 29.24809876968009 -34.27283044861454 104.7204426468789
Conglomerate 4 4980.0 1.9275939578448456 24.07198762642013 -36.198189246400034 127.08452530058076
Conglomerate 4 4990.0 1.571906738021777 13.555522282687821 -19.413712237958293 90.65983335455383
Conglomerate 4 5000.0 1.5371613010823184 12.939708172730425 -22.44783324599547 88.28950708047964
Conglomerate 4 5010.0 1.5665800683749382 7.491115922443715 -30.619797656631754 86.11763992427421
Conglomerate 4 5020.0 1.292330297711469 8.407262231483386 -11.657193483408205 41.03343596585206
