Litologia codigo prof RHOB GR SP DT
Sandstone 9 10.0 1.1360061417791336 9.484591586666916 44.74585789126411 91.29374063159399
Sandstone 9 20.0 1.4675044031089355 14.215373037700633 49.88003423182924 112.84847897946736
Sandstone 9 30.0 1.6201936866074802 4.8802064480082805 90.23125468787062 105.51625254661228
Sandstone 9 40.0 1.7163582742744434 15.277672159139495 92.97889296658023 107.34343769121185
Sandstone 9 50.0 2.1127826904411346 22.778261756164742 77.35951208993006 154.24823710037847
Sandstone 9 60.0 1.8262247658228796 8.875308045427314 92.4898902506084 110.94407942852288
Sandstone 9 70.0 2.160097196691515 12.549637767398536 118.2269442528622 157.86656141308356
Sandstone 9 80.0 2.2623720397051073 28.245125221319157 108.15817593642053 148.38885907929512
Sandstone 9 90.0 2.297718276428666 22.37923406437206 114.99974987588885 120.05194408568055
Sandstone 9 100.0 2.2502821778107185 18.13750899345537 127.69304400856004 165.5101299769681
Sandstone 9 110.0 2.2219836619766458 25.81903301867262 125.64646653136049 153.31147811723287
Sandstone 9 120.0 2.3056709045523136 12.657794968692613 112.83228328588676 158.7875091250904
Sandstone 9 130.0 2.2843754429394396 16.153886553960536 125.05572510349099 152.19588897708084
Sandstone 9 140.0 2.272698189914081 18.71358243319613 113.06668639034243 200.65068680826653
Sandstone 9 150.0 2.4503343284254155 12.075500683309588 120.11103845977848 160.09960180141707
Sandstone 9 160.0 2.2323252383766725 18.888595656216502 114.4567729646039 158.03415844113468
Sandstone 9 170.0 2.3485411571022365 20.845829209069937 135.71514317110785 234.88230389393777
Sandstone 9 180.0 2.2268092734563547 24.832248054979885 110.31999945356738 168.52903052657123
Sandstone 9 190.0 2.3505317363238136 24.816709885212376 107.49508623735578 198.9378665073433
Sandstone 9 200.0 2.2878889608331363 15.302672873450113 110.07556710926804 240.8971710894582
Sandstone 9 210.0 2.419710366502434 12.687782999084346 124.3056973824193 168.39905445395294
Sandstone 9 220.0 2.329601572444327 21.901069892349255 124.61969504671931 130.6968032639256
Sandstone 9 230.0 2.3551586939807367 32.25046681437301 123.55146437289781 256.5770293863052
Sandstone 9 240.0 2.3835216683186458 19.27742868130399 121.5780726383931 171.67011515287703
Sandstone 9 250.0 2.281212005838951 13.21465862561384 116.36767283433068 144.35436622183283
Sandstone 9 260.0 2.3694410929470404 17.95716264462203 102.46327233454005 156.62654487339168
Sandstone 9 270.0 2.135009906607335 26.495586270591055 130.6819316200091 161.17066280327404
Sandstone 9 280.0 2.238102808720126 20.928094772834303 109.29874760075684 157.9686417660545
Sandstone 9 290.0 2.3994667970439636 20.61250957815321 106.4563456730456 177.45675312068707
Sandstone 9 300.0 2.2760716339951412 16.098717779564133 98.1449231074404 189.46752602516648
Sandstone 9 310.0 2.2625835345010907 23.93642829736865 120.50515872887337 181.66534923580696
Sandstone 9 320.0 2.2046225057813493 32.32722853425974 119.97465705484765 119.88259295282751
Sandstone 9 330.0 2.2530267696209236 26.666093102321852 131.71421990528603 157.09647557983726
Sandstone 9 340.0 2.320816725990887 14.531693633596328 112.01584675982475 165.62865354481497
Sandstone 9 350.0 2.2853401139811322 20.497983865703212 120.01698683905859 114.13450266961141
Sandstone 9 360.0 2.3529237134583 20.027516255614323 119.15462416110076 190.76469468831695
Sandstone 9 370.0 2.289609283424006 34.7002664016141 126.43618561520236 192.663971321593
Sandstone 9 380.0 2.383270476763953 20.67697513253572 105.31744263729281 127.76205664482885
Sandstone 9 390.0 2.1311978632887696 16.333833844244804 126.60101757150703 172.7374974026801
Sandstone 9 400.0 2.1658785328984687 27.80448591795618 123.7637757510507 222.06818318971526
Sandstone 9 410.0 2.1684759068372914 14.80261248667042 135.41329185540476 180.81848054421397
Sandstone 9 420.0 2.2394994099732486 18.545609763548985 108.22829283666161 137.91419691103115
Sandstone 9 430.0 2.412136894464788 41.11965903727756 128.0364900411294 194.27957353646852
Sandstone 9 440.0 2.1414463690542647 6.685524735312134 135.63147993828764 210.12341586279956
Sandstone 9 450.0 2.389431228235535 18.23297809750681 115.8129589476162 170.7423359638467
Sandstone 9 460.0 2.396569245403645 27.080083370854346 107.3690295298829 189.24877185384412
Sandstone 9 470.0 2.347211205913709 35.044214477248346 131.1784519585292 198.38254026644063
Sandstone 9 480.0 2.2551140777463807 10.507724564544013 117.30687255405707 149.7172291345311
Sandstone 9 490.0 2.3874724348508596 20.73596085345667 117.20191100992969 139.62649668170312
Sandstone 9 500.0 2.3442290334186335 15.6749573713291 124.45816243107927 192.9348407583687
Sandstone 9 510.0 2.2666981409713096 17.912682923584104 113.46726609635442 190.10972210303805
Sandstone 9 520.0 2.414074934425677 11.87990883069871 117.69309305188357 152.89798236839587
Sandstone 9 530.0 2.3088124785948043 22.213438114066516 124.0842757563376 176.98357447247355
Sandstone 9 540.0 2.44178763853098 11.9058296949148 131.82047185134445 177.97520672384366
Sandstone 9 550.0 2.4270324450764407 20.586705982133893 125.71139455881418 171.32470593391585
Sandstone 9 560.0 2.4516391837105025 21.124196110956472 115.34210021307187 180.43344981783125
Sandstone 9 570.0 2.4547412887552116 22.184878591211046 106.09461284108534 144.58279576848943
Sandstone 9 580.0 2.3836003775150334 26.441130155303597 120.09379115135664 157.84884582010775
Sandstone 9 590.0 2.1214435290166254 27.870354037825102 122.04922913396874 175.87298472596657
Sandstone 9 600.0 2.1681429443341647 28.256790903526365 139.55073724602357 204.72430349179115
Sandstone 9 610.0 2.3057560158172166 18.797461120741538 123.00156097734619 141.04403838926916
Sandstone 9 620.0 2.288736159139339 21.48571122263122 120.66200985381772 158.11934836770655
Sandstone 9 630.0 2.382151288449969 19.01221202349452 114.04986658438148 167.5622866988301
Sandstone 9 640.0 2.197137474099413 14.175458843048023 121.04469658566278 173.1741452700781
Sandstone 9 650.0 2.2125931534981396 9.463731960471245 130.47237186958637 129.93843610915965
Sandstone 9 660.0 2.255756840891337 17.298973635504307 132.65373724750287 176.55712516161915
Sandstone 9 670.0 2.2249579633817325 14.598495356348629 112.6338478550554 193.00523559720884
Sandstone 9 680.0 2.3456714263881215 10.935168026915289 120.7386448600361 161.29314349049562
Sandstone 9 690.0 2.260930148566977 17.43824117619448 115.34115972111275 148.73363012718704
Sandstone 9 700.0 2.171917564941937 17.53562482017876 131.4104511783778 190.45145505066068
Sandstone 9 710.0 2.219051369218338 2.93310722622887 113.5511385555899 67.68131829964861
Sandstone 9 720.0 2.36970625989317 11.597352148121125 105.822467689502 135.16549186552706
Sandstone 9 730.0 2.319853844644354 21.084958654098504 121.53683030956603 181.99859995023053
Sandstone 9 740.0 2.301171698130576 27.835664078952355 113.31075031938103 171.01060376922558
Sandstone 9 750.0 2.385638692714415 21.63257035870268 109.55413730081129 128.77031925451178
Sandstone 9 760.0 2.383644167343675 28.746377902221617 104.63860819203626 97.63362992311266
Sandstone 9 770.0 2.4141453978416716 17.44260902159083 132.71534063283863 148.8698621705413
Sandstone 9 780.0 2.3177910219588713 18.3481652645377 129.67920882836955 171.6833587179517
Sandstone 9 790.0 2.3356065711549707 23.62988906454209 124.49487660308297 133.52308365342333
Sandstone 9 800.0 2.5409747738741486 27.62050215450939 93.35396421904571 200.37784086360477
Sandstone 9 810.0 2.2109323249458113 7.143987722906772 132.0755902709106 201.65877955325078
Sandstone 9 820.0 2.2996400116324605 17.36092463831612 126.21309235869545 189.61776891278305
Sandstone 9 830.0 2.310992700463969 9.048334071876091 112.89799536679159 138.18052233983073
Sandstone 9 840.0 2.320145195795062 23.690577619948815 129.13578955429497 202.60200008081975
Sandstone 9 850.0 2.1978923262174046 24.95565995150139 135.2813343271905 204.00811862079286
Sandstone 9 860.0 2.5897985787712448 13.015465192922482 118.12663026876238 206.00359414725003
Sandstone 9 870.0 2.314352452065272 19.105169649625136 140.33770176376993 163.5952777780112
Sandstone 9 880.0 2.450968606321701 15.457203738092176 132.60169472720244 153.98554204978205
Sandstone 9 890.0 2.456144159661175 13.155911913040555 110.74682309404608 181.8637212938268
Sandstone 9 900.0 2.1777854085423045 9.912849616690824 102.85329807654412 187.64169446117842
Sandstone 9 910.0 2.3457702468964903 9.171915880918975 127.70749518465308 240.79226426058028
Sandstone 9 920.0 2.3934793903446714 6.514997929711633 136.59840603192833 173.96964110861052
Sandstone 9 930.0 2.341347673262204 25.030245631908492 122.80235429495092 140.21188527094645
Sandstone 9 940.0 2.3230676322037125 21.417907123648146 124.52903019755547 162.5262913802715
Sandstone 9 950.0 2.31024056791019 18.77320341864672 131.73145349097416 121.9797513423577
Sandstone 9 960.0 2.511089984479003 18.173823688520496 128.13892563516546 164.1229498732827
Sandstone 9 970.0 2.29738973559048 12.009923901024443 111.44733218189103 191.0968381083336
Sandstone 9 980.0 2.360818546297524 9.597412738806856 116.34403443980105 158.1108471204518
Sandstone 9 990.0 2.3190367194728316 33.171699205493006 134.98998220054708 153.79040155735507
Sandstone 9 1000.0 2.461453816731579 17.466255671534913 107.6800680153767 186.58493073502592
Sandstone 9 1010.0 2.3956401499961237 22.403681003604042 103.04992957987622 161.66872981376463
Sandstone 9 1020.0 2.226783057730185 25.320205879047293 115.65104211429718 160.5056120793928
Sandstone 9 1030.0 2.2935455123051502 26.90271310548739 113.4968703735304 149.24169468610225
Sandstone 9 1040.0 2.461899183549397 6.863309235995093 90.69418726099764 167.8865325854157
Sandstone 9 1050.0 2.4170734625352956 17.613819848665123 117.60808513459165 192.83291204285302
Sandstone 9 1060.0 2.252899990635676 2.3341092750850088 102.98781995082129 173.11952080693473
Sandstone 9 1070.0 2.1617585701140896 10.616255240150892 115.74558609247472 160.1701393715856
Sandstone 9 1080.0 2.459958715006449 22.60382617658672 100.35543771944852 190.51693227283727
Sandstone 9 1090.0 2.299815260570307 13.321790752114259 124.47619677882874 154.9790748236357
Sandstone 9 1100.0 2.456059422749597 30.56023905912548 129.35309348815713 150.4140990978963
Sandstone 9 1110.0 2.364637817918515 15.824033842703907 117.42837482747827 144.08341356444575
Sandstone 9 1120.0 2.2459837091889443 15.045827551777432 106.65274552571674 190.2415764229553
Sandstone 9 1130.0 2.4000749693336862 9.721468700233787 123.69101777833187 184.44750902618648
Sandstone 9 1140.0 2.332482844230604 28.919110153182423 126.58475653942861 204.87725839696066
Sandstone 9 1150.0 2.4420882679708797 36.55801058949045 124.10498373537884 219.2831909017583
Sandstone 9 1160.0 2.3974918163235213 40.33478716835768 112.45493876977089 234.80540203517683
Sandstone 9 1170.0 2.453099108018378 45.10488227301327 119.15485561909458 258.7037170041522
Sandstone 9 1180.0 2.410733681489516 57.58285150886351 138.82268322296093 257.0953492266478
Sandstone 9 1190.0 2.356957821460899 43.50349691417251 104.6252063802899 348.44581960470845
Sandstone 9 1200.0 2.3569568296273684 59.58807656999687 95.45425981601454 323.9922821244284
Shale2 1 1210.0 2.4518961636016035 66.37921164594816 95.32266072373338 355.2329145119478
Shale2 1 1220.0 2.3249664012388886 80.52968990798396 92.98149201355757 369.5183596387877
Shale2 1 1230.0 2.534477551406845 82.25495753357747 108.46108952223105 398.26408628820934
Shale2 1 1240.0 2.5912676670923824 93.85567925483616 88.06319865752248 414.67772905216395
Shale2 1 1250.0 2.5641810238776093 102.44056150367442 79.69714627233543 444.42157209166544
Shale2 1 1260.0 2.3794685652175875 97.94289615434445 80.11868060573964 436.015538408011
Shale2 1 1270.0 2.4508617843055003 104.37736324678315 70.61330830629704 493.85424181604344
Shale2 1 1280.0 2.452735378089696 106.03648078842191 69.7736895032725 525.5834031781022
Shale2 1 1290.0 2.4277537903767596 107.50282608443807 72.57216695458754 545.055140731888
Shale2 1 1300.0 2.626811754112143 104.64518498919557 85.15905055284159 483.43334448055344
Shale2 1 1310.0 2.484606957277043 108.39076525975118 67.43722679001041 570.2163943430223
Shale2 1 1320.0 2.3698008418317804 94.0555724314941 72.56871850053773 553.8371271446355
Shale2 1 1330.0 2.5184791602426886 112.8811338694257 63.02887611844783 492.8409887812093
Shale2 1 1340.0 2.6197163695783634 117.96927050144183 74.91025101805208 578.8029568384576
Shale2 1 1350.0 2.4792242436411396 94.28301021200444 69.69492879152011 532.3171811910889
Shale2 1 1360.0 2.638172018318438 110.69902810519801 68.256961984769 536.4134096975273
Shale2 1 1370.0 2.366811280695741 101.48475810988107 72.82536704195864 540.7185701081963
Shale2 1 1380.0 2.4045117584449014 114.64114293731551 81.41952428408986 510.14400805355626
Shale2 1 1390.0 2.355796563648984 108.44209606190071 56.65790823499457 512.1215306721308
Shale2 1 1400.0 2.501533063282339 116.23608895180307 83.67215230926196 559.8964216254906
Shale2 1 1410.0 2.3809279008426607 120.12761035112558 70.37102367221537 596.4647195354313
Shale2 1 1420.0 2.4891136941539576 101.02323116993128 60.01411141189902 590.1886049389797
Shale2 1 1430.0 2.6552662060032457 107.60075180828598 82.69470287549001 558.8009014897943
Shale2 1 1440.0 2.4285272707830057 110.02020127405025 71.88251377397286 586.7373891857471
Shale2 1 1450.0 2.3590753522404855 104.79574759212903 87.33002753093709 559.380327083434
Shale2 1 1460.0 2.497765165428196 116.24086962161938 77.58772489396104 590.9606573025753
Shale2 1 1470.0 2.3687094879476858 111.46857225999351 91.20985087891171 617.8772327190602
Shale2 1 1480.0 2.46150657950611 102.5316455175795 61.538851494366696 500.26335590763836
Shale2 1 1490.0 2.628499468709847 102.13322171702383 74.33082809842743 543.7415745026116
Shale2 1 1500.0 2.481427637093479 105.69404674489546 84.51052185687071 554.4819487688984
Fault1 151 1510.0 2.4352567209603326 109.20673851700289 82.36117678845862 561.4376676903602
Fault1 151 1520.0 2.4381551951453337 93.16318271791783 83.60892587143118 601.7966129061381
Fault1 151 1530.0 2.4680627218351683 112.64797122871846 57.66677780299818 474.3248794818199
Fault1 151 1540.0 2.537141895122935 99.06005766416291 72.26369418448333 513.4712875841046
Fault1 151 1550.0 2.660049489942492 112.77661878675248 63.24982252869509 546.3442254879991
Fault1 151 1560.0 2.527988026123168 110.81329780169368 65.2929494839628 527.6861649984155
Fault1 151 1570.0 2.381658039738734 108.2457180834741 79.43949627351365 545.7090535442485
Fault1 151 1580.0 2.6435028819045545 97.29361392051942 63.45450844867422 517.1085050484064
Fault1 151 1590.0 2.5407259694211892 105.52251845570447 79.82118230355499 544.2076893871109
Fault1 151 1600.0 2.6507403145207755 105.48121349591962 69.70686271475996 444.64796674422723
Fault1 151 1610.0 2.4897733599374448 118.09180428736195 68.07546827774406 551.3852498092158
Fault1 151 1620.0 2.550882439190756 105.78436000558128 73.13475320323242 548.1621731404301
Fault1 151 1630.0 2.6022180861811526 101.2155960556463 52.7516208562744 513.0793026492368
Fault1 151 1640.0 2.728097308640805 111.58007397331902 64.52962425196496 497.72315576898643
Fault1 151 1650.0 2.584078057676079 95.00955604549803 73.0883752326853 495.7580143293073
Fault1 151 1660.0 2.4782819425823623 123.84161648442856 85.8406939178376 568.4097280987786
Fault1 151 1670.0 2.641817952293828 109.08869937813516 65.72428527447587 472.0853087532183
Fault1 151 1680.0 2.5811274762485668 111.04918023003053 74.08968831315724 458.8871810513928
Fault1 151 1690.0 2.6761699061436754 100.91043698983523 76.29055359066423 454.5630654737154
Fault1 151 1700.0 2.4269515270481246 117.14374926966062 75.59028655356346 543.3168723133374
Fault1 151 1710.0 2.5886216455900977 106.7389120706758 70.66353738273389 476.3993349850601
Fault1 151 1720.0 2.475898912812296 114.27010445761618 72.3084730815571 419.0633241730449
Fault1 151 1730.0 2.57778335679498 98.69695064397315 60.76674798889895 435.2615701370588
Fault1 151 1740.0 2.7562819928993427 105.70048014195628 76.40721589893796 437.4592813128559
Fault1 151 1750.0 2.324691884382959 95.35514192259883 52.68669692992783 506.01212937169
Fault1 151 1760.0 2.412933826587798 96.15916521086174 59.5212167523191 477.03908780122686
Fault1 151 1770.0 2.5512119450792725 96.45956896270577 62.898959523436645 491.6037362858221
Fault1 151 1780.0 2.600526166961259 105.09586046556667 70.88776833242804 484.4609080172846
Fault1 151 1790.0 2.606206450172785 89.71418285705552 69.15171738957322 477.6890109345317
Fault1 151 1800.0 2.4298539822095018 98.6971805669504 63.19547461739051 470.0400555290778
Fault1 151 1810.0 2.5548045296745667 109.37940688013069 73.80362076152751 458.8343899795642
Fault1 151 1820.0 2.616717880818452 98.90387198975235 79.76503795640099 481.3454385029006
Fault1 151 1830.0 2.62249583405698 89.68309282197039 73.55541946347336 470.7419768399411
Fault1 151 1840.0 2.7400112530303904 100.46505030631272 60.19342609653961 475.64655753376195
Fault1 151 1850.0 2.60414259303786 99.50780466269859 75.31052061284606 430.5803018705677
Fault1 151 1860.0 2.5151611265628833 88.81719167416878 62.77432440890977 429.78149614305653
Fault1 151 1870.0 2.4760221614029767 96.10037069329812 80.54915826577658 439.6223758132977
Fault1 151 1880.0 2.5195289588208443 100.73741278201973 49.5493268323262 400.75875140551744
Fault1 151 1890.0 2.464087072827221 98.04424212361546 66.46371978541917 506.1666820546664
Fault1 151 1900.0 2.509970328613229 95.1418932908561 54.010230404637745 435.14112624523307
Fault1 151 1910.0 2.4346714262742553 83.75033759930749 48.896602123126705 488.057936703868
Fault1 151 1920.0 2.475483185547451 93.53263395617272 67.16230984197026 454.0512682471242
Fault1 151 1930.0 2.621922724230866 83.1459221500438 58.27312462465823 384.67457759998524
Fault1 151 1940.0 2.61857261379175 96.61841992480886 65.24636197431242 388.897375392344
Fault1 151 1950.0 2.535630611659662 96.75690777882028 77.72869561274875 452.03004901506705
Fault1 151 1960.0 2.6448642942273852 101.24111014731547 70.85611304880024 400.4430148563975
Fault1 151 1970.0 2.656555760356857 91.11689359141992 58.53362968975048 419.32313641397275
Fault1 151 1980.0 2.408014258137231 75.56281303029448 76.90667147335093 451.12566058983236
Fault1 151 1990.0 2.4221487804083695 86.38602329312523 56.66333881537616 428.81341685591605
Fault1 151 2000.0 2.5847836638697816 98.79562021170142 73.98660558731903 402.2968606113456
Fault2 152 2010.0 2.4256152357483005 90.36443183850373 88.80755905517228 409.56065220057667
Fault2 152 2020.0 2.6753079251751286 100.70017516966234 60.40759298894889 414.9462169986263
Fault2 152 2030.0 2.670403879121251 98.07358812373752 75.61862687852746 419.0923227152145
Fault2 152 2040.0 2.661954180913412 97.02679849259059 74.87706013057053 382.09589121213475
Fault2 152 2050.0 2.756340420093378 80.38572353816139 88.1357282920832 439.3501281061334
Fault2 152 2060.0 2.777260883092158 85.6855188890502 51.36950053154544 390.5088063983239
Fault2 152 2070.0 2.5496289847398668 89.13299677499069 54.09839188910494 427.9758832552482
Fault2 152 2080.0 2.478858614381006 85.97441538343422 58.462227216235696 423.06190107136666
Fault2 152 2090.0 2.6646048969576634 101.61818781439165 87.70173255169554 372.7669710105504
Fault2 152 2100.0 2.568478380025268 89.15496123705583 78.12039364673193 460.2143982224107
Fault2 152 2110.0 2.4843080731265403 76.86154856788687 72.46742165355114 392.79282428943264
Fault2 152 2120.0 2.5320313754947836 89.14153968635311 65.60797389498498 420.8421173667445
Fault2 152 2130.0 2.830665419277375 71.07684996080657 69.76660373585393 396.6725369205227
Fault2 152 2140.0 2.6651818635709663 80.40005862825168 68.5689338777282 451.7687120063347
Fault2 152 2150.0 2.802247611898589 87.45295853643887 84.55094869927336 351.2675668199723
Fault2 152 2160.0 2.5800919259738433 88.8917031185697 86.98601298655835 350.52306384744344
Fault2 152 2170.0 2.638761606075988 76.06083706158469 65.38481265380815 373.52306147746964
Fault2 152 2180.0 2.649355720007115 84.4598494748797 89.52502655551848 367.60950201701803
Fault2 152 2190.0 2.680184822688163 91.66888878316404 60.04044273100888 417.8109491252292
Fault2 152 2200.0 2.6730372878747892 89.24432411159889 69.28931962775086 400.3560737304094
Fault2 152 2210.0 2.6905542642656024 97.5532581182399 83.69976826853382 339.3104547587615
Fault2 152 2220.0 2.705902696648163 86.25314131286078 91.09428314502833 384.1473984367765
Fault2 152 2230.0 2.4957649080446087 94.46287085865714 70.92813483835153 408.9914857834336
Fault2 152 2240.0 2.590584865257261 94.50278295832564 80.1766885875629 398.7270981737216
Fault2 152 2250.0 2.560037628641596 96.77298140659302 75.28115178136608 383.26969478605946
Fault2 152 2260.0 2.745049958596951 77.78196840899979 62.650134502144034 342.92603040018054
Fault2 152 2270.0 2.6377142693231144 93.05786916891265 80.38840726086548 406.71542812488644
Fault2 152 2280.0 2.460947931438998 91.8428336959052 80.39039520747508 347.6724415487144
Fault2 152 2290.0 2.6909401693904367 85.47609358176705 66.32788941348258 373.5215879468154
Fault2 152 2300.0 2.7101088739979478 74.07668547499814 60.22089746158891 336.69440524793066
Fault2 152 2310.0 2.559824191673552 92.83410488336297 58.414679059049014 330.93494823206584
Fault2 152 2320.0 2.5760364352595357 74.52954045309858 81.94078903345032 292.34627831997886
Fault2 152 2330.0 2.4678468174317816 82.44732385697381 70.3410155623455 403.17781875673245
Fault2 152 2340.0 2.5770739858614835 76.34823260589789 87.07454261706171 320.17735067613194
Fault2 152 2350.0 2.6588071451098982 78.95538690430648 61.31810563789307 364.14832161359055
Fault2 152 2360.0 2.572308495103618 79.87842695244545 60.30233076054265 310.6503958508396
Fault2 152 2370.0 2.4849951250562907 75.78037841127026 55.47748220297652 329.3206879287391
Fault2 152 2380.0 2.667240630478392 75.38672113482995 63.14734811058035 370.13078989857803
Fault2 152 2390.0 2.953101865793246 75.30529105164695 72.56323384939279 324.55002386881654
Fault2 152 2400.0 2.5563579215419656 76.91614578383864 76.16563840593051 323.4826990750956
Fault2 152 2410.0 2.7350203424095825 79.45251876701097 66.98809811849516 230.73097505179555
Fault2 152 2420.0 2.4828159213640855 73.24180350451495 77.46120490390054 347.1187679076998
Fault2 152 2430.0 2.5268887187359637 81.18964170466546 75.73436478880058 305.50195946702115
Fault2 152 2440.0 2.5714726316200487 74.48724922530022 84.61446818178356 281.3118966727469
Fault2 152 2450.0 2.6801044168529433 87.90983476845136 85.24758434015769 369.27700114079533
Fault2 152 2460.0 2.5526719053615436 67.92220445539512 64.31528452022982 318.29104582300164
Fault2 152 2470.0 2.692027323419856 67.35606224230403 73.80000024859713 332.12095919897956
Fault2 152 2480.0 2.691425052795455 67.96571187991626 69.69638065609537 330.47934277770077
Fault2 152 2490.0 2.7004014244631405 76.57934630073171 63.10841816441499 353.7663041809865
Fault2 152 2500.0 2.5345854979176865 80.19991896988435 64.55488435457582 301.54841185743214
Fault3 153 2510.0 2.78734589659552 60.584929011749225 71.40705381084854 335.9421873650266
Fault3 153 2520.0 2.9226899592308224 73.37534549615178 72.74712068096541 342.90572882913057
Fault3 153 2530.0 2.626503113550784 61.273856416996196 89.36179371479083 304.3404959637629
Fault3 153 2540.0 2.547628515445983 81.63813741723132 66.19261909766081 293.28838476817117
Fault3 153 2550.0 2.834068262537917 81.49185800559285 71.69656490640298 356.8358220280395
Fault3 153 2560.0 2.860988605886547 70.79308135764049 72.53524133984271 251.1101617552494
Fault3 153 2570.0 2.5553412058727467 67.30075891505037 89.50022015501258 265.6929273641139
Fault3 153 2580.0 2.6483141076552226 69.7285267544421 77.87346831061163 264.4030331207592
Fault3 153 2590.0 2.7219566898189465 81.71540988833704 60.044290486674456 295.37194344781756
Fault3 153 2600.0 2.7252597404694576 83.914344714091 70.78471515156443 304.20513640001
Fault3 153 2610.0 2.6204388022241356 77.16812213991257 61.01823452415803 291.9289372684029
Fault3 153 2620.0 2.4267613271422603 73.1661866527217 66.66190759421346 299.98225945487394
Fault3 153 2630.0 2.80932933999094 81.21248616660344 76.77344532749139 267.5148644417886
Fault3 153 2640.0 2.649102430528847 70.61085748877395 64.59198147158672 265.3902913335435
Fault3 153 2650.0 2.728232366049029 68.78415903730225 69.63742357895418 266.23714481080583
Fault3 153 2660.0 2.5924102197387255 75.19362366377584 64.50915455823953 268.3991594618752
Fault3 153 2670.0 2.5782851882330307 62.180020337219275 73.81368057017488 290.37478548800567
Fault3 153 2680.0 2.6616941317722045 69.0323261005731 72.66854999662786 245.9240615649307
Fault3 153 2690.0 2.9110773580107185 56.93913080285232 63.36817467189947 268.5464860176649
Fault3 153 2700.0 2.7989594291576307 68.0039697893815 73.96076870359875 278.1872851862045
Fault3 153 2710.0 2.6723696456584327 58.343098572510144 61.623870744555646 259.0372548126188
Fault3 153 2720.0 2.636146844470716 57.68773369254752 66.06690429354481 217.12100466847158
Fault3 153 2730.0 2.6140036360236505 69.89470506909731 56.0069114385889 273.65276321784194
Fault3 153 2740.0 2.6663704404383943 59.907708540778614 83.84952366054213 251.1942694631849
Fault3 153 2750.0 2.7795232012133995 52.60398453672498 66.30703309921763 281.7656619825688
Fault3 153 2760.0 2.6441293823909313 57.12266220431005 57.273519905873826 284.0917494473852
Fault3 153 2770.0 2.9460497202005436 82.21188587400235 68.92421410892538 247.76891580825074
Fault3 153 2780.0 2.7627732217558107 77.37559032181044 68.49093714783795 269.4808904476778
Fault3 153 2790.0 2.6128963464507224 64.40686601900906 58.28260708204999 315.2669826537789
Fault3 153 2800.0 2.7514558552024204 59.914562530371654 83.54453077950325 187.5942286001528
Fault3 153 2810.0 2.810295978560778 62.28760283117496 72.36662413869149 202.67466683551322
Fault3 153 2820.0 2.78966570964998 64.73249532445098 72.66404524385665 251.31047103057196
Fault3 153 2830.0 2.7475343321173726 63.15438611790242 74.96054464170999 217.0963748485579
Fault3 153 2840.0 2.6999576086658306 66.96184416149083 82.62144281769085 222.65445567364054
Fault3 153 2850.0 2.5347212161671906 71.10310667243651 81.40115880168077 179.86353712929346
Fault3 153 2860.0 2.672786941903486 64.80490802528425 63.13466803260361 221.75424670920393
Fault3 153 2870.0 2.861647975202009 63.793275059062324 74.63402171691484 243.71035791256566
Fault3 153 2880.0 2.8631420823460823 52.569823312129145 61.38461118057678 279.006218565469
Fault3 153 2890.0 2.73474399614394 60.70070021350663 86.15902595639523 169.35723468588594
Fault3 153 2900.0 2.816546853964012 55.36000153055505 83.34847111233948 238.7524254172754
Fault3 153 2910.0 2.6884333954062587 63.08551160184798 74.01176183146427 226.31850836494144
Fault3 153 2920.0 2.949240366807624 46.17593669299976 52.23490996425281 184.7966287568641
Fault3 153 2930.0 2.5790425633652814 52.65963249857873 77.4019717822015 219.5555174532007
Fault3 153 2940.0 2.734840373483802 53.74820955656643 79.33560717687675 212.11033921030833
Fault3 153 2950.0 2.786211680315928 62.74606948628465 79.6693934752519 168.3563606942536
Fault3 153 2960.0 2.7671232465734743 56.39904978222466 89.43285074289395 236.19161543204467
Fault3 153 2970.0 2.576886860717016 59.068959482954554 77.62952946174441 179.89365596909403
Fault3 153 2980.0 2.6069102218606663 65.66436463236711 59.45216545654115 187.81269455089281
Fault3 153 2990.0 2.7855024630857224 58.57914652645527 67.01388980490718 120.84842891780438
Fault3 153 3000.0 2.75774748743644 51.14997825272944 73.47552079847806 180.11825875276335
Fault4 154 3010.0 2.738057320877672 52.54265955475348 68.50041359512862 192.79999851102804
Fault4 154 3020.0 2.618573142432106 62.6451015072532 83.80010174982698 168.8127866811217
Fault4 154 3030.0 2.58196737990962 68.44089843335416 71.8225347739428 194.76842362383965
Fault4 154 3040.0 2.6767496618112214 53.464660175018324 68.12000368038457 202.23931798758696
Fault4 154 3050.0 2.7959713541020745 43.658794530710125 85.38366098259107 175.82529195966723
Fault4 154 3060.0 2.6979755079172487 56.21826081468414 62.27894878301287 102.00401543674836
Fault4 154 3070.0 2.8958629567914107 55.10441941056145 70.30893441288428 159.43971949537072
Fault4 154 3080.0 2.868803997908994 47.49008654971207 57.185671581653594 148.75878613978873
Fault4 154 3090.0 2.6979911238168226 56.94142940971206 76.88946702708483 165.0377613617898
Fault4 154 3100.0 2.696879216277712 55.03422755430859 73.55675899011992 201.576604309417
Fault4 154 3110.0 2.7165908826005634 52.12037080478151 56.20442885053768 144.19121259591566
Fault4 154 3120.0 2.800639381361111 59.88965836931449 68.368365767343 140.52635481606933
Fault4 154 3130.0 2.7294806146974637 34.17100383926531 74.60444883024532 136.6363844310365
Fault4 154 3140.0 2.638738519518269 41.82440936952149 65.03877740656289 132.05189933320958
Fault4 154 3150.0 2.780460765570682 49.02618026064242 80.01674012854058 142.7348650088358
Fault4 154 3160.0 2.907453862924529 54.80448366195316 66.10989326065572 122.90390772413215
Fault4 154 3170.0 2.7666552150570145 53.12986307559453 63.577324966784936 187.48702465373032
Fault4 154 3180.0 2.799499184500513 50.195324893618746 62.59333973213102 169.54321533999638
Fault4 154 3190.0 2.8178216832446172 37.72443426086694 52.49554306183552 83.68868391984361
Fault4 154 3200.0 2.8184189556367483 61.6059107746236 70.89886312910073 178.82707280441917
Fault4 154 3210.0 2.726254849833802 58.04662242615764 39.25107091431103 118.68758495945899
Fault4 154 3220.0 2.772052970108359 46.01283360741533 45.43524465337501 121.40717540236389
Fault4 154 3230.0 2.7736009016844725 41.48496750908558 67.24700373705673 144.20049378373434
Fault4 154 3240.0 2.5205111296012106 49.771328932878006 67.98028009308429 191.7857251482626
Fault4 154 3250.0 2.7563635517031346 44.94453940015838 53.99481444799266 94.44157216154683
Fault4 154 3260.0 2.8912364017627343 44.09946195938346 85.1040847986148 131.2331280632636
Fault4 154 3270.0 2.890085655525217 46.03192247966961 50.17759708694602 105.64044428874072
Fault4 154 3280.0 2.630892692054439 44.186360412728234 64.45756783856606 117.51241041273508
Fault4 154 3290.0 2.7590694214202673 38.112420733833694 80.30266637873908 114.16875482551185
Fault4 154 3300.0 2.692799532256642 46.38427490993185 67.1121146861018 140.71774455966118
Fault4 154 3310.0 2.670397468291704 53.85615039186466 64.28533124432025 67.70742412015451
Fault4 154 3320.0 2.7571884903733053 43.019711200427636 64.8025168276063 92.65908939095154
Fault4 154 3330.0 2.937085320471798 58.872270502844465 67.23144358584204 107.66116956308612
Fault4 154 3340.0 2.676809249437905 43.96441475428943 58.21898960238933 88.82268282576818
Fault4 154 3350.0 2.7266471999080224 36.7000423963737 56.81249219077197 117.50866428656806
Fault4 154 3360.0 2.841582006887043 42.157149668689975 62.116411937392975 81.01204156344382
Fault4 154 3370.0 2.6218432918016723 43.38275473012063 61.93680847050076 93.76629147513817
Fault4 154 3380.0 2.9575369433698766 31.31359275049427 72.19515925260541 90.35408890723751
Fault4 154 3390.0 2.7407203330883525 46.94804191742022 68.19534701186052 104.71922190796946
Fault4 154 3400.0 2.7485123251514154 53.18148479468634 79.86735237818421 81.0177128087264
Fault4 154 3410.0 2.671379614171469 42.33132811589936 73.32673785046647 40.84814796372514
Fault4 154 3420.0 2.777120605425094 34.03439103483244 92.61220927977288 81.57910077631952
Fault4 154 3430.0 2.7260060571760385 40.624529175880056 80.2725823712084 95.23931166734212
Fault4 154 3440.0 2.8326010813242126 36.87243584747301 76.03535324800917 69.05599064338182
Fault4 154 3450.0 2.9427131417758834 50.55425093825624 67.8219297601635 87.92341499621268
Fault4 154 3460.0 2.7333816545832796 18.683783845756025 85.50800275668709 51.683680659690516
Fault4 154 3470.0 2.7544856421061144 36.2389311256255 55.62801354367056 53.36059838397706
Fault4 154 3480.0 2.5920240774326198 41.05565548505905 62.573430963940424 66.73138797536741
Fault4 154 3490.0 2.7857711979475432 38.901232790496294 74.36895548811793 64.87958451299215
Fault4 154 3500.0 2.611610482409175 48.65136123822398 83.23450616346008 30.362855444116757
Crystalline 5 3510.0 2.8745285261661313 31.112902570317175 81.26600121220228 27.659986419489538
Crystalline 5 3520.0 2.9001304605947285 37.63556118179115 73.10820355610038 -5.397095534640698
Crystalline 5 3530.0 2.7741744125469303 49.518150386526564 83.37629185363002 -23.830147290683783
Crystalline 5 3540.0 2.9257443688842266 30.21778707036675 73.9690428209869 48.89105830667182
Crystalline 5 3550.0 2.806748718583454 30.766740197249973 73.68253570546965 70.75211298712105
Crystalline 5 3560.0 2.6525610284323387 36.25022034297343 64.08108477763855 129.35995913786746
Crystalline 5 3570.0 2.720062822017388 44.74427731961031 65.60233918905338 71.20493892611665
Crystalline 5 3580.0 2.866002370465926 42.24620350646548 63.17837153941396 33.930537218606226
Crystalline 5 3590.0 2.8226063735844944 38.67739579507727 53.300377924626645 56.50772839050093
Crystalline 5 3600.0 2.8575399003299924 38.8967243177254 71.82873793781908 41.20523418309223
Crystalline 5 3610.0 2.8621954269076477 38.898870288598324 66.29529795231342 35.030834321744734
Crystalline 5 3620.0 2.867980836952736 53.37379774707079 81.78959811896564 61.66615375377034
Crystalline 5 3630.0 2.820096125775528 45.74697326248888 77.07826929787588 21.287284547743745
Crystalline 5 3640.0 2.845795531524792 37.76512788144689 60.435136964886944 73.21759730395144
Crystalline 5 3650.0 2.934618042784974 37.965762433692774 71.82172220847303 115.26696255162061
Crystalline 5 3660.0 2.950634616718251 34.583646769907624 77.32782173271445 45.02898800969783
Crystalline 5 3670.0 2.880332202555823 44.77418880781198 83.38822061019633 44.3972935055468
Crystalline 5 3680.0 2.8256529428660424 30.574170466289342 63.81777258866251 -31.317367426325873
Crystalline 5 3690.0 2.743558366748588 30.26098361066377 70.71185287771726 130.8080620228286
Crystalline 5 3700.0 2.766703983787245 36.056642771164135 69.82333289000653 28.544410235756107
Crystalline 5 3710.0 2.8137400457191326 41.64614002892421 72.20478447750978 54.21236571507958
Crystalline 5 3720.0 2.695620724738814 24.918802550339606 85.50974473235864 71.35074639962815
Crystalline 5 3730.0 2.826757535764746 47.63117374833956 65.04910730885196 64.92402190342102
Crystalline 5 3740.0 2.753030762529615 44.88945667746282 65.81947693935501 68.57154648234948
Crystalline 5 3750.0 2.878905662220872 41.65670839389158 75.31651558127643 41.66050577157385
Crystalline 5 3760.0 2.796687454974599 19.387262625031063 82.65358761246083 41.39415225406181
Crystalline 5 3770.0 2.8133397766378683 36.051146168165445 61.05552411795979 69.5288412740502
Crystalline 5 3780.0 2.6627179337439864 24.079613200721514 81.16234879016346 97.20617133889853
Crystalline 5 3790.0 2.6541957654448027 38.12048827279132 46.12435616636115 40.439035280476936
Crystalline 5 3800.0 2.755294318179381 50.31677522614666 51.59908949834212 81.86852994205515
Crystalline 5 3810.0 2.8957509038397036 30.464483033043265 83.89876640909739 83.93836098816973
Crystalline 5 3820.0 2.9989283396126596 35.21777770322348 75.93608298777615 49.31752702608594
Crystalline 5 3830.0 2.8354726631506595 34.537044935112874 82.44339184434834 61.07160911647003
Crystalline 5 3840.0 2.9299851776288617 36.40884120059488 66.63730036580012 50.80990202769387
Crystalline 5 3850.0 2.7496560058794586 42.999881651812565 72.86815634192281 77.43397928141746
Crystalline 5 3860.0 2.9314877755720152 38.50032846524552 57.433515913947055 81.970101606978
Crystalline 5 3870.0 2.8149181398226895 51.9996083985486 92.33141143738239 6.33561397528571
Crystalline 5 3880.0 2.822697172992639 31.367482808600272 82.31508181894549 22.996365581251673
Crystalline 5 3890.0 2.7128130049691968 38.547823149386794 75.8214543357044 42.81492454540614
Crystalline 5 3900.0 2.677916539722523 43.69179358529199 64.41564284056324 67.9416984611933
Crystalline 5 3910.0 2.868374915451537 38.7810380983566 83.16016370013085 60.33306425833106
Crystalline 5 3920.0 3.0234037021503353 39.83583800700402 63.17581263828549 88.89885984201558
Crystalline 5 3930.0 2.7948764670264845 32.753467746798634 69.60412327947442 88.47244220155093
Crystalline 5 3940.0 2.786041858307947 41.6138543781184 65.31780809420633 65.01604849226564
Crystalline 5 3950.0 2.737135978018843 52.75448819598219 65.11937518288345 -0.24283559134497779
Crystalline 5 3960.0 2.72292096917558 44.73162361553085 78.82645090562053 8.129064011031105
Crystalline 5 3970.0 2.8732544653010907 52.00544045124008 72.58717800709044 29.03132449160276
Crystalline 5 3980.0 2.642236031052118 40.486187607344604 66.71683313762128 58.86936388518338
Crystalline 5 3990.0 2.831806741090818 38.26636574834353 73.81864079480539 43.02330137303918
Crystalline 5 4000.0 2.8087073348769716 37.811097077983675 65.82828059845683 10.481865652414143
Crystalline 5 4010.0 2.7387570974244353 37.0986672000456 69.75960269185313 37.7816432543931
Crystalline 5 4020.0 2.69324824022903 33.5810312677843 80.87036267056656 112.40044468392607
Crystalline 5 4030.0 2.8586795910683627 41.21438654340802 69.38522293623456 94.16448463886013
Crystalline 5 4040.0 2.7517754561512344 39.2047464077945 76.25624344935315 37.73405765199351
Crystalline 5 4050.0 2.597939385832333 37.532864375394105 65.77967834998964 129.65893340700762
Crystalline 5 4060.0 2.6851061555493545 46.37540551311326 70.26857647252191 52.213736917812334
Crystalline 5 4070.0 2.582639770787379 34.8708846961728 87.04716202112714 40.599518140084854
Crystalline 5 4080.0 2.777862606810635 34.19654958594269 62.34231623988218 98.04874352592486
Crystalline 5 4090.0 2.6076673656977576 47.39534810322189 80.54189353816524 93.632799338429
Crystalline 5 4100.0 2.751516934740368 31.312757290008392 78.70517473766856 89.60724687188164
Crystalline 5 4110.0 2.8389328074528044 42.853230857447166 78.82106288601088 68.00518497959757
Crystalline 5 4120.0 2.627320720737481 44.45816711769286 74.96609496111597 65.62377008201337
Crystalline 5 4130.0 2.846268074532479 33.99491814360391 79.97153749692052 6.565839462643076
Crystalline 5 4140.0 2.723133323940618 34.032080447251246 64.61599281412165 -3.20487211059001
Crystalline 5 4150.0 2.7061744968478285 43.84570281277055 79.87723274688014 52.07589699261762
Crystalline 5 4160.0 2.724774662070082 43.69549838588356 79.84166743751537 20.300598817029126
Crystalline 5 4170.0 2.5409693665226083 41.35441764806856 90.67902028494524 -5.357368794486256
Crystalline 5 4180.0 2.722611828954386 35.943475815161236 77.09708982173461 40.79185724617759
Crystalline 5 4190.0 2.613807685919241 37.27612528574762 77.09716904164063 107.03893363495968
Crystalline 5 4200.0 2.718157060627314 40.083883452012216 79.9998943124672 28.302310835096414
Crystalline 5 4210.0 2.733760572605565 53.78234453813734 73.47707135434425 26.188871507971506
Crystalline 5 4220.0 2.754204682224561 38.265655330886084 81.90881616161604 59.1661626267289
Crystalline 5 4230.0 2.8612022433346453 45.63556149450611 72.69711526657629 36.36427260991563
Crystalline 5 4240.0 2.714203517592259 37.83772014118735 68.71935689016534 65.79363370045739
Crystalline 5 4250.0 2.7651155784802257 35.77315479564773 94.76844541552846 58.59882738298982
Crystalline 5 4260.0 2.823617277503131 36.65788322940089 71.80186962161922 110.413143634524
Crystalline 5 4270.0 2.7280045032458875 37.29083777536316 75.92866884521612 100.22185411045056
Crystalline 5 4280.0 2.785609332287848 46.77420158564828 78.42732005545177 74.3306786817338
Crystalline 5 4290.0 2.8010942496159386 39.90542165309006 76.23177587557981 91.51660583217048
Crystalline 5 4300.0 2.6158773394029033 30.90553421587774 60.61288168749896 27.643651185002575
Crystalline 5 4310.0 2.6795974639235527 46.677914976754586 64.06085799209828 -3.0881630456548734
Crystalline 5 4320.0 2.6639054825872046 28.16899693755132 64.4687674292285 38.5258082377014
Crystalline 5 4330.0 2.7456828977510632 28.88924449329147 60.69831466973173 9.215503737155835
Crystalline 5 4340.0 2.8419667287390604 45.54222059630719 63.39157292458745 112.71796428777314
Crystalline 5 4350.0 2.7320625817146196 56.46818994695627 71.36034376459999 66.86445376034871
Crystalline 5 4360.0 2.9316210627661072 52.89574432193014 68.83051515199868 62.64338956828057
Crystalline 5 4370.0 2.785508640256622 46.58138487870447 75.18320534408156 97.41965836495493
Crystalline 5 4380.0 2.7204995372673735 53.032151411813516 63.71311288021895 102.51622436958078
Crystalline 5 4390.0 2.8947492523173373 36.591494042406474 74.98706417586217 93.88434785033525
Crystalline 5 4400.0 2.878715601391515 41.770079337538576 62.953550365808894 10.716006062252575
Crystalline 5 4410.0 2.7185807509831834 45.09185604059544 64.39889431388356 41.31098279226963
Crystalline 5 4420.0 2.7902457429370497 52.3230289292669 65.65587158733831 86.7715725542138
Crystalline 5 4430.0 2.692914399080962 44.33575749237362 82.85317851652957 66.43151287542038
Crystalline 5 4440.0 2.7624746160667137 27.714505500245668 52.345760443690494 12.002728837546414
Crystalline 5 4450.0 2.465884225097986 34.988233423289245 43.69900447599988 75.6506307432006
Crystalline 5 4460.0 2.4677943015563706 37.37825368960466 48.333115603666656 68.10740916204182
Crystalline 5 4470.0 2.0949700574453836 23.369030025947094 47.068056138972956 90.48413543044359
Crystalline 5 4480.0 1.8833847464198765 20.86991910342801 35.674821947452834 23.972996894032654
Crystalline 5 4490.0 1.5693730076941887 22.140967025671067 30.860302384553293 16.01514126600549
Crystalline 5 4500.0 1.4654872478291086 24.778958057869858 20.54334522636585 9.25190627072794
