WellName: 1API 0001  PR
Field:    PR-01
Country:  BRA

DEPT       DIPA       GRAD       DRIF       DRAZ       DPTR       
M          DEG                   DEG        DEG        DEG        
4300.000   293.5505   1.000000   1.500000   91.5000    12.99689   
4299.500   284.6291   1.000000                         10.78719   
4299.000   357.3154   1.000000                         3.85719    
4298.500   186.0747   2.000000                         17.47763   
4298.000   234.4243   1.000000                         9.63702    
4297.500   170.7620   1.000000   1.500000   93.5000    6.05802    
4297.000   170.5526   1.000000                         7.54022    
4296.500   101.0718   2.000000                         34.60313   
4296.000   137.6282   2.000000                         25.80495   
4295.500   307.2659   2.000000                         16.15128   
4295.000   193.7169   3.000000   1.550000   91.5000    33.98787   
4294.500   73.2687    1.000000                         4.69067    
4294.000   112.4587   1.000000                         0.21983    
4293.500   165.8103   1.000000                         4.35846    
4293.000   200.1230   1.000000                         2.24831    
4292.500   24.9874    1.000000   1.530000   94.5000    5.96393    
4292.000   54.8388    1.000000                         7.22425    
4291.500   31.2888    1.000000                         11.10507   
4291.000   300.6919   3.000000                         2.70284    
4290.500   276.2198   2.000000                         25.77121   
4290.000   322.0732   2.000000   1.550000   94.5000    9.49663    
4289.500   150.6326   1.000000                         6.40262    
4289.000   153.7321   1.000000                         7.08787    
4288.500   273.4728   1.000000                         0.20861    
4288.000   325.1939   1.000000                         0.74590    
4287.500   66.2877    1.000000   1.590000   91.5000    10.78496   
4287.000   256.4655   1.000000                         1.47776    
4286.500   264.7451   3.000000                         1.42278    
4286.000   352.3393   4.000000                         43.62495   
4285.500   329.9902   5.000000                         44.69402   
4285.000   87.4682    4.000000   1.563636   93.8636    40.46571   
4284.500   188.6260   2.000000                         2.87116    
4284.000   197.0095   1.000000                         2.88166    
4283.500   266.3310   1.000000                         1.47629    
4283.000   191.2059   1.000000                         2.06363    
4282.500   280.3101   1.000000   1.530000   93.5000    7.27529    
4282.000   286.5265   1.000000                         7.54486    
4281.500   321.9638   1.000000                         8.60184    
4281.000   314.9039   2.000000                         3.01957    
4280.500                                                          
4280.000   232.4756   1.000000   1.560000   99.5000    1.55000    
4279.500   297.5089   1.000000                         20.63029   
4279.000   138.0990   1.000000                         2.20897    
4278.500   252.9755   1.000000                         4.59465    
4278.000   303.6998   1.000000                         2.79158    
4277.500   271.5864   2.000000   1.710000   95.5000    1.80962    
4277.000   273.5277   2.000000                         1.74721    
4276.500   218.0077   1.000000                         4.03558    
4276.000   178.7720   2.000000                         2.42099    
4275.500   123.9660   1.000000                         7.51771    
4275.000   124.6536   1.000000   1.570000   96.5000    7.90060    
4274.500   299.2711   1.000000                         1.96921    
4274.000   283.4988   1.000000                         0.96724    
4273.500   210.8273   4.000000                         18.48934   
4273.000   293.1237   4.000000                         23.14260   
4272.500   132.2806   3.000000   1.530000   94.5000    0.26551    
4272.000   122.6084   2.000000                         0.40141    
4271.500   321.9406   3.000000                         19.11394   
4271.000   353.3188   3.000000                         26.92393   
4270.500   34.8160    1.000000                         25.74498   
4270.000   38.3427    1.000000   1.560000   94.5000    25.95747   
4269.500                                                          
4269.000   351.4899   3.000000                         21.19845   
4268.500   341.1677   2.000000                         34.63684   
4268.000   343.5505   3.000000                         39.29406   
4267.500   192.4350   3.000000   1.500000   92.5000    42.99691   
4267.000   167.8725   3.000000                         28.79283   
4266.500   350.1735   3.000000                         26.10986   
4266.000   240.3682   4.000000                         5.33207    
4265.500   60.8750    2.000000                         14.56229   
4265.000   95.6770    4.000000   1.540000   94.5000    3.53781    
4264.500   23.0040    3.000000                         54.28917   
4264.000   344.6157   1.000000                         15.22592   
4263.500   350.1704   1.000000                         15.55338   
4263.000   287.0258   1.000000                         4.58201    
4262.500   260.6025   2.000000   1.490000   94.5000    4.22175    
4262.000   276.9133   3.000000                         3.59773    
4261.500   343.4968   4.000000                         43.45751   
4261.000   322.8738   4.000000                         28.47460   
4260.500   171.4838   3.000000                         14.99495   
4260.000   289.0960   1.000000   1.610000   95.5000    34.49638   
4259.500   294.4664   2.000000                         46.44784   
4259.000                                                          
4258.500   303.6182   3.000000                         50.58815   
4258.000   54.4305    4.000000                         41.07280   
4257.500   180.0276   3.000000   1.440000   93.5000    37.68826   
4257.000                                                          
4256.500   287.8077   4.000000                         53.96557   
4256.000   293.5496   4.000000                         40.14737   
4255.500   324.7837   1.000000                         21.22763   
4255.000   319.3063   1.000000   1.400000   98.5000    20.02958   
4254.500   207.1383   1.000000                         12.01426   
4254.000   330.9885   3.000000                         40.36392   
4253.500   163.6798   4.000000                         37.09864   
4253.000                                                          
4252.500                         1.450000   94.5000               
4252.000                                                          
4251.500   238.3562   4.000000                         1.56952    
4251.000   218.7525   1.000000                         15.56483   
4250.500   288.5778   3.000000                         15.25894   
4250.000   293.6302   4.000000   1.470000   91.5000    14.84605   
4249.500   80.9836    3.000000                         17.85374   
4249.000   55.4542    4.000000                         23.42253   
4248.500   334.6697   4.000000                         33.52760   
4248.000   307.4855   4.000000                         32.84104   
4247.500   78.0323    3.000000   1.550000   91.5000    38.96533   
4247.000                                                          
4246.500   268.3318   3.000000                         1.52208    
4246.000                                                          
4245.500   243.9334   4.000000                         29.17553   
4245.000   289.5952   5.000000   1.580000   91.5000    39.88213   
4244.500   311.0179   4.000000                         36.76810   
4244.000   129.5550   3.000000                         29.40004   
4243.500   50.5762    4.000000                         41.17767   
4243.000   62.2266    3.000000                         40.58777   
4242.500   162.2964   3.000000   1.550000   91.5000    41.83190   
4242.000   256.1310   5.000000                         33.65453   
4241.500   278.0378   4.000000                         34.31098   
4241.000   286.1871   3.000000                         34.55662   
4240.500   354.2161   5.000000                         27.29843   
4240.000   330.0711   4.000000   1.600000   90.5000    39.71393   
4239.500   343.6450   3.000000                         18.09286   
4239.000   347.0529   3.000000                         17.86432   
4238.500   234.1081   3.000000                         14.23109   
4238.000                                                          
4237.500   8.3252     1.000000   1.660000   75.5000    1.48702    
4237.000   22.1524    1.000000                         3.11679    
4236.500   352.6118   4.000000                         51.34055   
4236.000   4.8686     4.000000                         18.32718   
4235.500                                                          
4235.000   323.8862   3.000000   1.510000   92.5000    43.42503   
4234.500   180.7782   4.000000                         19.10700   
4234.000   215.8286   2.000000                         53.75722   
4233.500                                                          
4233.000   162.2454   3.000000                         34.88582   
4232.500                         1.550000   87.5000               
4232.000   303.6259   1.000000                         8.04254    
4231.500   270.6839   1.000000                         6.89200    
4231.000   252.2538   1.000000                         6.80852    
4230.500   74.1805    1.000000                         6.63580    
4230.000   57.3361    1.000000   1.610000   86.5000    4.67704    
4229.500                                                          
4229.000   152.2845   2.000000                         19.76317   
4228.500   147.9656   2.000000                         2.64422    
4228.000   81.4004    3.000000                         17.81832   
4227.500   260.3856   3.000000   1.550000   89.5000    17.50407   
4227.000   331.3174   1.000000                         14.14400   
4226.500   344.8849   2.000000                         13.21095   
4226.000                                                          
4225.500                                                          
4225.000   303.4465   3.000000   1.550000   88.5000    9.16348    
4224.500   324.0233   4.000000                         40.52259   
4224.000   124.2845   5.000000                         33.79964   
4223.500   148.2670   3.000000                         32.98690   
4223.000   67.4836    4.000000                         59.61520   
4222.500   251.3354   3.000000   1.560000   88.5000    33.65082   
4222.000   287.6239   4.000000                         44.13496   
4221.500                                                          
4221.000   70.7247    3.000000                         26.86397   
4220.500   73.1985    4.000000                         22.76033   
4220.000   13.5050    3.000000   1.520000   89.5000    3.53972    
4219.500   132.7890   5.000000                         23.38097   
4219.000   264.7459   1.000000                         24.62807   
4218.500   261.1558   1.000000                         24.64355   
4218.000   252.1742   4.000000                         59.84779   
4217.500   86.6183    4.000000   1.590000   89.5000    60.15421   
4217.000   325.1589   5.000000                         40.69093   
4216.500   18.6653    5.000000                         27.76130   
4216.000   213.4733   4.000000                         23.97163   
4215.500   156.8975   4.000000                         27.43095   
4215.000   191.2980   3.000000   1.560000   90.5000    3.93051    
4214.500   77.8674    5.000000                         24.41763   
4214.000   90.5810    5.000000                         27.91275   
4213.500   341.3024   3.000000                         37.29148   
4213.000   341.2527   2.000000                         36.67723   
4212.500   315.8778   5.000000   1.520000   92.5000    27.30773   
4212.000   173.0585   5.000000                         22.78999   
4211.500   216.8629   3.000000                         39.30594   
4211.000   91.7022    4.000000                         38.71219   
4210.500   142.6978   5.000000                         40.27160   
4210.000   89.9701    4.000000   1.600000   94.5000    38.11398   
4209.500   267.7523   4.000000                         26.82599   
4209.000   274.1365   2.000000                         8.77062    
4208.500   293.5272   4.000000                         5.69179    
4208.000   94.4347    4.000000                         9.12580    
4207.500   81.4117    4.000000   1.610000   94.5000    40.20766   
4207.000   292.2730   3.000000                         28.36627   
4206.500   301.4843   4.000000                         35.19794   
4206.000   336.2543   4.000000                         27.44088   
4205.500   90.2062    5.000000                         48.87598   
4205.000   286.3192   4.000000   1.650000   98.5000    23.66502   
4204.500   292.2062   3.000000                         23.89193   
4204.000   221.9949   4.000000                         8.90574    
4203.500   246.6799   5.000000                         19.73491   
4203.000   292.2710   5.000000                         41.87260   
4202.500   67.9171    5.000000   1.680000   97.5000    34.62877   
4202.000   135.9969   4.000000                         23.31023   
4201.500   129.9604   3.000000                         23.46589   
4201.000   296.5291   4.000000                         5.65773    
4200.500   178.0133   1.000000                         5.10212    
4200.000   191.8505   2.000000   1.760000   97.5000    6.62921    
4199.500   301.2701   3.000000                         6.23058    
4199.000   337.4037   4.000000                         7.16451    
4198.500   210.5169   4.000000                         46.68494   
4198.000                                                          
4197.500   294.8940   2.000000   1.690000   92.5000    1.59471    
4197.000   204.3090   1.000000                         3.24538    
4196.500   343.4056   1.000000                         2.65511    
4196.000   188.9859   3.000000                         6.29894    
4195.500   355.2875   4.000000                         35.11349   
4195.000   351.3531   4.000000   1.580000   73.5000    35.30045   
4194.500   350.2746   3.000000                         34.83417   
4194.000   264.4661   3.000000                         1.60748    
4193.500   255.2650   1.000000                         1.62667    
4193.000   297.7520   1.000000                         1.92086    
4192.500   326.5485   3.000000   2.060000   94.5000    6.31292    
4192.000   189.7069   3.000000                         43.30302   
4191.500   286.1726   3.000000                         2.13432    
4191.000   306.7850   2.000000                         1.93550    
4190.500   303.9455   1.000000                         1.65943    
4190.000   287.9441   1.000000   1.270000   85.5000    2.16321    
4189.500   283.8331   1.000000                         0.83220    
4189.000   256.7454   1.000000                         1.42599    
4188.500   254.4567   1.000000                         1.42213    
4188.000   34.2060    3.000000                         53.41967   
4187.500   208.8770   3.000000   1.470000   90.5000    51.91563   
4187.000   236.6900   2.000000                         1.37985    
4186.500   183.6485   1.000000                         1.33751    
4186.000                                                          
4185.500   233.3525   3.000000                         10.77772   
4185.000   155.3123   1.000000   1.510000   347.4999   2.15725    
4184.500   170.9685   2.000000                         1.77955    
4184.000   212.7656   1.000000                         14.99000   
4183.500   198.6466   2.000000                         2.23738    
4183.000   204.0472   2.000000                         1.77506    
4182.500   231.3436   1.000000   1.390000   88.5000    1.58022    
4182.000   169.6816   3.000000                         51.20872   
4181.500   247.0959   2.000000                         1.36719    
4181.000   165.4444   3.000000                         1.73962    
4180.500   342.8245   4.000000                         43.95627   
4180.000   342.6882   4.000000   1.440000   80.5000    8.50057    
4179.500   351.3915   4.000000                         39.70720   
4179.000   327.1411   4.000000                         5.52297    
4178.500   232.5095   3.000000                         7.57754    
4178.000   226.8763   4.000000                         9.85354    
4177.500   301.8784   5.000000   1.470000   88.5000    26.03043   
4177.000   21.3870    3.000000                         4.41422    
4176.500   40.2843    3.000000                         3.38040    
4176.000   307.2963   2.000000                         4.16562    
4175.500   307.5717   3.000000                         5.00895    
4175.000   277.8400   5.000000   1.360000   88.5000    14.50248   
4174.500                                                          
4174.000   266.1274   2.000000                         2.27120    
4173.500   277.0052   1.000000                         2.98413    
4173.000   283.3170   1.000000                         2.96866    
4172.500   246.0402   2.000000   1.350000   84.5000    2.42952    
4172.000   237.4384   2.000000                         2.13070    
4171.500   198.9480   3.000000                         9.77038    
4171.000   354.9033   5.000000                         4.47449    
4170.500   306.1166   4.000000                         3.20223    
4170.000   328.9255   4.000000   1.560000   90.5000    2.89945    
4169.500   16.1224    4.000000                         47.01238   
4169.000   101.0434   4.000000                         2.10588    
4168.500   219.0734   4.000000                         3.88023    
4168.000   17.8531    4.000000                         31.58792   
4167.500   139.4436   5.000000   1.530000   83.5000    2.07289    
4167.000   223.4622   4.000000                         11.38288   
4166.500   21.1123    4.000000                         14.91899   
4166.000                                                          
4165.500                                                          
4165.000   18.0782    4.000000   1.420000   83.5000    24.65749   
4164.500   72.0754    3.000000                         15.77135   
4164.000                                                          
4163.500   290.0960   3.000000                         1.57147    
4163.000   276.8094   2.000000                         1.44937    
4162.500   237.9463   3.000000   1.530000   90.5000    16.32290   
4162.000   305.0795   3.000000                         3.02743    
4161.500   308.6320   4.000000                         3.05608    
4161.000   24.4317    4.000000                         12.22233   
4160.500   33.9962    4.000000                         12.08473   
4160.000   145.2715   2.000000   1.520000   85.5000    23.84585   
4159.500   159.0257   5.000000                         7.24212    
4159.000   143.7829   3.000000                         5.57809    
4158.500   129.6015   3.000000                         10.01946   
4158.000   146.2002   3.000000                         11.25020   
4157.500   144.8529   2.000000   1.500000   80.5000    12.08057   
4157.000   285.4888   4.000000                         36.59633   
4156.500   284.1583   4.000000                         39.33343   
4156.000   260.3275   3.000000                         27.33167   
4155.500   268.0560   3.000000                         27.63512   
4155.000   58.1258    2.000000   1.550000   84.5000    22.81531   
4154.500                                                          
4154.000   115.9848   4.000000                         38.64071   
4153.500   130.2130   4.000000                         40.16171   
4153.000   94.9466    4.000000                         54.52026   
4152.500   29.2643    5.000000   1.530000   88.5000    44.36688   
4152.000   281.8571   4.000000                         16.42834   
4151.500                                                          
4151.000   178.4460   1.000000                         5.22904    
4150.500   256.2054   1.000000                         5.16703    
4150.000   260.0485   1.000000   1.470000   59.5000    6.10669    
4149.500                                                          
4149.000   116.5881   1.000000                         23.20053   
4148.500   267.9582   3.000000                         35.27892   
4148.000   273.3124   5.000000                         30.56380   
4147.500   132.4679   2.000000   1.560000   87.5000    7.48338    
4147.000   96.4446    1.000000                         3.34193    
4146.500   8.0304     3.000000                         43.65279   
4146.000   114.6126   5.000000                         51.11346   
4145.500   260.9979   4.000000                         7.91621    
4145.000   119.6716   3.000000   1.540000   89.5000    20.86672   
4144.500   74.4542    5.000000                         38.17682   
4144.000   73.7588    4.000000                         12.78621   
4143.500   283.6551   4.000000                         36.13354   
4143.000                                                          
4142.500   117.1309   4.000000   1.520000   86.5000    40.15215   
4142.000   146.7617   5.000000                         42.02488   
4141.500   22.5714    4.000000                         13.02380   
4141.000   103.3507   3.000000                         30.82822   
4140.500   103.9756   4.000000                         29.81124   
4140.000   44.5771    3.000000   1.560000   87.5000    42.84338   
4139.500   201.2057   3.000000                         6.64771    
4139.000   195.8425   4.000000                         8.96950    
4138.500   288.5032   3.000000                         36.97255   
4138.000   187.8456   1.000000                         9.10839    
4137.500   119.6073   2.000000   1.560000   82.5000    20.13840   
4137.000   63.7992    4.000000                         34.63760   
4136.500   93.8875    4.000000                         20.08130   
4136.000   82.9015    5.000000                         42.53233   
4135.500   63.7905    5.000000                         42.14884   
4135.000   154.5587   4.000000   1.560000   82.5000    42.08169   
4134.500   259.5957   5.000000                         13.84381   
4134.000   257.6245   4.000000                         18.19821   
4133.500   323.1366   4.000000                         47.95430   
4133.000   213.1454   4.000000                         50.33233   
4132.500   220.2221   4.000000   1.770000   89.5000    50.52768   
4132.000                                                          
4131.500   253.0414   1.000000                         6.26168    
4131.000   250.3566   1.000000                         6.82008    
4130.500   113.6142   1.000000                         2.87375    
4130.000   131.1411   2.000000   1.510000   81.5000    2.10978    
4129.500   267.3923   2.000000                         15.15811   
4129.000   291.4063   2.000000                         34.40730   
4128.500   298.3313   4.000000                         34.01944   
4128.000   111.9310   2.000000                         34.26756   
4127.500   27.6230    4.000000   1.590000   83.5000    28.44215   
4127.000   263.2999   4.000000                         1.47338    
4126.500   299.9403   4.000000                         23.81161   
4126.000   87.4832    3.000000                         0.85431    
4125.500   86.6338    1.000000                         1.74623    
4125.000   57.6554    1.000000   1.700000   85.5000    1.73162    
4124.500   59.6972    2.000000                         1.60777    
4124.000   150.3526   2.000000                         10.08874   
4123.500   238.4270   3.000000                         1.55676    
4123.000   81.2347    4.000000                         27.06866   
4122.500   107.9149   1.000000   1.680000   91.5000    5.23497    
4122.000   328.4322   2.000000                         4.36498    
4121.500   1.6236     3.000000                         4.16719    
4121.000   57.1656    2.000000                         26.93065   
4120.500   315.6145   3.000000                         12.85813   
4120.000   343.5615   4.000000   1.580000   90.5000    22.76788   
4119.500   51.1246    5.000000                         47.25189   
4119.000   149.6678   3.000000                         38.21913   
4118.500   327.9144   1.000000                         5.02915    
4118.000   325.1844   1.000000                         5.46474    
4117.500   173.3140   4.000000   1.850000   84.5000    32.12203   
4117.000   24.2125    4.000000                         30.63247   
4116.500   280.9611   4.000000                         43.21281   
4116.000   278.7775   5.000000                         44.16939   
4115.500   350.9449   5.000000                         14.58105   
4115.000   23.7810    4.000000   1.650000   87.5000    29.83689   
4114.500   47.3083    3.000000                         42.70702   
4114.000   95.6534    3.000000                         28.97428   
4113.500   6.8464     4.000000                         29.36933   
4113.000   35.9737    3.000000                         36.24305   
4112.500   147.8548   3.000000   1.600000   89.5000    11.53744   
4112.000   68.6891    3.000000                         8.99899    
4111.500   39.3888    2.000000                         21.17719   
4111.000   312.9619   3.000000                         61.30096   
4110.500                                                          
4110.000   313.3199   1.000000   1.570000   89.5000    9.18629    
4109.500   337.5497   3.000000                         7.91718    
4109.000                                                          
4108.500   246.7976   3.000000                         45.71641   
4108.000   281.6423   4.000000                         26.47847   
4107.500   346.1384   2.000000   1.530000   89.5000    20.79080   
4107.000   322.1501   2.000000                         28.60044   
4106.500   327.0241   1.000000                         28.88535   
4106.000   96.6318    4.000000                         10.67955   
4105.500                                                          
4105.000                         1.500000   85.5000               
4104.500   3.3579     1.000000                         34.45160   
4104.000   206.7385   1.000000                         30.08662   
4103.500   206.3822   1.000000                         25.54470   
4103.000   103.3443   1.000000                         7.55059    
4102.500   119.6780   5.000000   1.480000   85.5000    8.08134    
4102.000   94.2393    2.000000                         16.76762   
4101.500   269.7602   3.000000                         52.31866   
4101.000   252.6166   3.000000                         67.41356   
4100.500                                                          
4100.000                         1.420000   88.5000               
4099.500   345.9952   4.000000                         33.67062   
4099.000   214.6136   5.000000                         38.29340   
4098.500   279.9277   5.000000                         42.02814   
4098.000   238.0256   5.000000                         44.41892   
4097.500                         1.450000   87.5000               
4097.000   147.2240   5.000000                         30.99935   
4096.500   187.8593   2.000000                         6.04600    
4096.000   246.3571   2.000000                         7.07108    
4095.500   264.1084   4.000000                         8.31871    
4095.000   249.6862   4.000000   1.440000   85.5000    19.61122   
4094.500   122.1502   3.000000                         6.96454    
4094.000   149.1246   3.000000                         4.54106    
4093.500   275.4901   2.000000                         10.86022   
4093.000   242.0645   1.000000                         16.16920   
4092.500   285.6617   1.000000   1.450000   85.5000    22.46397   
4092.000   178.7853   1.000000                         8.67129    
4091.500   10.0918    2.000000                         22.85959   
4091.000   13.7776    4.000000                         42.84570   
4090.500   203.0028   4.000000                         36.54762   
4090.000                         1.490000   85.5000               
4089.500   150.2378   4.000000                         45.10176   
4089.000   335.8604   4.000000                         2.99080    
4088.500                                                          
4088.000   177.3190   2.000000                         23.83629   
4087.500                         1.500000   87.5000               
4087.000                                                          
4086.500   263.7703   4.000000                         36.08064   
4086.000   305.9721   4.000000                         29.97075   
4085.500   306.2181   4.000000                         27.79770   
4085.000   73.6237    5.000000   1.570000   88.5000    42.84831   
4084.500   333.2832   4.000000                         52.62917   
4084.000   335.2609   5.000000                         52.51536   
4083.500   192.5122   3.000000                         5.79926    
4083.000                                                          
4082.500                         1.670000   87.5000               
4082.000                                                          
4081.500   222.3312   5.000000                         36.78001   
4081.000   45.7244    3.000000                         4.54027    
4080.500   37.1055    4.000000                         36.41875   
4080.000   239.9258   5.000000   1.700000   88.5000    8.48688    
4079.500   256.3085   5.000000                         9.80883    
4079.000   175.9832   5.000000                         10.63574   
4078.500   37.9128    5.000000                         9.45175    
4078.000   350.4675   4.000000                         53.49570   
4077.500   186.6301   5.000000   1.790000   83.5000    50.69083   
4077.000   159.5546   5.000000                         58.69217   
4076.500   166.5406   5.000000                         20.65427   
4076.000   229.6496   5.000000                         30.59794   
4075.500   337.9398   3.000000                         30.48758   
4075.000   219.1808   2.000000   1.760000   86.5000    33.11457   
4074.500   281.6913   4.000000                         36.13646   
4074.000   40.1980    3.000000                         16.53286   
4073.500   41.8651    3.000000                         16.21907   
4073.000   153.5760   4.000000                         13.59976   
4072.500   199.1619   4.000000   1.800000   84.5000    2.74079    
4072.000   325.0476   5.000000                         26.41546   
4071.500   55.5921    5.000000                         2.74786    
4071.000   122.7925   5.000000                         13.70749   
4070.500   96.6058    4.000000                         13.92751   
4070.000   306.3420   4.000000   1.800000   83.5000    3.84908    
4069.500   256.3515   3.000000                         9.93537    
4069.000   278.7791   4.000000                         11.89218   
4068.500   250.0381   5.000000                         38.87792   
4068.000                                                          
4067.500                         1.850000   84.5000               
4067.000   333.4819   1.000000                         36.96064   
4066.500                                                          
4066.000   284.3126   4.000000                         43.59804   
4065.500   106.1220   3.000000                         39.36493   
4065.000   141.9402   2.000000   1.920000   84.5000    13.50786   
4064.500   270.8973   1.000000                         5.39617    
4064.000   274.7540   2.000000                         4.50119    
4063.500   319.1044   3.000000                         4.94533    
4063.000                                                          
4062.500   275.0413   5.000000   1.890000   84.5000    15.63258   
4062.000                                                          
4061.500   227.1053   4.000000                         13.85925   
4061.000   320.9680   4.000000                         12.00804   
4060.500   116.9185   4.000000                         37.67278   
4060.000   176.5367   3.000000   1.900000   84.5000    7.90226    
4059.500   240.4037   3.000000                         1.04884    
4059.000   249.7346   2.000000                         2.72531    
4058.500   330.8403   1.000000                         7.28085    
4058.000   341.7788   4.000000                         15.09991   
4057.500   321.4564   4.000000   1.900000   85.5000    38.15303   
4057.000   133.0814   4.000000                         36.53273   
4056.500   134.2738   3.000000                         36.98594   
4056.000                                                          
4055.500   338.8237   3.000000                         16.75035   
4055.000   331.5280   4.000000   1.880000   85.5000    16.95984   
4054.500   63.3284    4.000000                         17.90536   
4054.000   199.8000   3.000000                         8.90422    
4053.500   162.9018   3.000000                         31.25927   
4053.000   160.7606   4.000000                         36.71342   
4052.500   168.1720   4.000000   1.850000   85.5000    35.29127   
4052.000   79.4917    4.000000                         27.65454   
4051.500   32.4516    4.000000                         3.22586    
4051.000   237.0611   4.000000                         33.82355   
4050.500                                                          
4050.000   209.9456   4.000000   1.800000   85.5000    9.50626    
4049.500                                                          
4049.000                                                          
4048.500   243.6025   2.000000                         10.58862   
4048.000   169.3091   4.000000                         23.45183   
4047.500   343.8574   4.000000   1.840000   88.5000    36.97125   
4047.000   169.9042   4.000000                         36.12154   
4046.500   327.0415   3.000000                         15.87641   
4046.000   337.7630   4.000000                         15.43853   
4045.500   37.1043    4.000000                         12.64709   
4045.000   233.3309   4.000000   1.840000   82.5000    3.73516    
4044.500   296.2637   5.000000                         19.96714   
4044.000   187.1147   4.000000                         11.82784   
4043.500   353.8857   4.000000                         21.64869   
4043.000   22.4819    4.000000                         22.48864   
4042.500   70.3902    4.000000   1.800000   84.5000    11.22326   
4042.000   3.4466     4.000000                         25.53825   
4041.500   4.3188     4.000000                         27.09847   
4041.000   173.1452   5.000000                         11.13847   
4040.500   155.0328   5.000000                         48.44724   
4040.000   328.2025   5.000000   1.810000   86.5000    17.68089   
4039.500   79.9141    4.000000                         23.92406   
4039.000   67.4392    4.000000                         20.30196   
4038.500   316.3423   4.000000                         27.26094   
4038.000   25.2155    4.000000                         13.97390   
4037.500   330.9541   3.000000   1.780000   82.5000    18.53202   
4037.000   79.5348    4.000000                         14.32747   
4036.500   66.1381    2.000000                         18.41291   
4036.000   70.6638    3.000000                         19.45044   
4035.500   288.1970   4.000000                         41.50591   
4035.000   208.9795   4.000000   1.650000   83.5000    40.33083   
4034.500   272.8187   2.000000                         24.04269   
4034.000   272.8259   3.000000                         24.70195   
4033.500   212.7260   3.000000                         26.16554   
4033.000   200.7702   3.000000                         30.00163   
4032.500   162.6185   4.000000   1.820000   87.5000    2.43949    
4032.000   286.6642   4.000000                         47.45088   
4031.500   290.0096   4.000000                         42.80991   
4031.000                                                          
4030.500   212.8264   3.000000                         24.86905   
4030.000   245.3303   4.000000   1.540000   87.5000    34.17723   
4029.500   229.0501   4.000000                         8.55964    
4029.000   240.9701   4.000000                         9.86521    
4028.500   196.7362   3.000000                         4.65021    
4028.000                                                          
4027.500                         2.150000   101.5000              
4027.000   317.7100   3.000000                         18.68238   
4026.500   156.0410   1.000000                         38.47080   
4026.000                                                          
4025.500   220.1776   4.000000                         50.38361   
4025.000   313.7940   3.000000   2.220000   95.5000    30.97660   
4024.500   302.8528   2.000000                         31.19053   
4024.000                                                          
4023.500   163.5705   1.000000                         11.16496   
4023.000                                                          
4022.500                         1.860000   72.5000               
4022.000                                                          
4021.500   175.8902   2.000000                         11.54574   
4021.000   180.1827   3.000000                         11.74680   
4020.500                                                          
4020.000   20.2445    3.000000   1.280000   99.5000    26.65647   
4019.500                                                          
4019.000                                                          
4018.500   253.1316   2.000000                         10.78447   
4018.000   247.2326   2.000000                         10.89335   
4017.500   86.1586    1.000000   1.080000   124.5000   51.47363   
4017.000                                                          
4016.500   301.5604   1.000000                         2.32411    
4016.000   298.9033   1.000000                         2.63466    
4015.500   233.1457   1.000000                         3.40820    
4015.000   244.3327   4.000000   1.160000   106.5000   1.61700    
4014.500   251.0836   1.000000                         4.72621    
4014.000   181.7500   4.000000                         18.00939   
4013.500   196.8390   1.000000                         1.34293    
4013.000   178.8255   1.000000                         0.97560    
4012.500   285.1818   1.000000   1.310000   105.5000   1.18021    
4012.000   289.8094   3.000000                         2.74368    
4011.500   288.3656   3.000000                         4.29962    
4011.000   319.0778   2.000000                         4.00296    
4010.500   330.1813   1.000000                         3.92513    
4010.000   345.6695   1.000000   1.240000   101.5000   2.35623    
4009.500   280.8778   2.000000                         1.64675    
4009.000   279.4399   1.000000                         3.48431    
4008.500   230.2089   1.000000                         1.64928    
4008.000   251.3816   1.000000                         10.84353   
4007.500   245.8572   1.000000   1.220000   106.5000   8.81093    
4007.000   279.8438   3.000000                         0.51533    
4006.500   79.0761    1.000000                         1.51580    
4006.000   135.8152   1.000000                         0.33319    
4005.500   142.3631   1.000000                         3.35471    
4005.000   157.9688   1.000000   1.270000   106.5000   2.13959    
4004.500   159.3385   1.000000                         2.24414    
4004.000   342.1437   3.000000                         7.40069    
4003.500   61.3529    3.000000                         13.38566   
4003.000   97.9082    4.000000                         18.26945   
4002.500   106.4533   2.000000   1.230000   104.5000   2.37902    
4002.000   128.9500   1.000000                         2.77693    
4001.500                                                          
4001.000   33.3602    3.000000                         17.66723   
4000.500   35.0498    2.000000                         18.00408   
4000.000   307.7220   3.000000   1.370000   110.5000   48.63963   
3999.500   125.1070   3.000000                         14.47568   
3999.000   86.8842    5.000000                         19.00813   
3998.500   200.5891   1.000000                         0.68465    
3998.000   200.8123   1.000000                         0.49932    
3997.500   308.3143   2.000000   1.490000   109.5000   2.66859    
3997.000   348.4272   3.000000                         6.48098    
3996.500   174.0038   4.000000                         1.32356    
3996.000   284.4727   3.000000                         0.72397    
3995.500   161.8926   3.000000                         0.24602    
3995.000   145.7393   3.000000   1.100000   106.5000   1.16134    
3994.500   142.2100   3.000000                         3.35938    
3994.000   123.4920   3.000000                         1.22760    
3993.500   233.3841   1.000000                         2.08411    
3993.000   242.3610   1.000000                         1.88411    
3992.500   180.7672   1.000000   1.340000   105.5000   1.44217    
3992.000   151.0282   1.000000                         1.78050    
3991.500   340.9213   1.000000                         6.64085    
3991.000   354.3143   1.000000                         3.33470    
3990.500   52.8437    3.000000                         18.18653   
3990.000   2.1169     2.000000   1.340000   107.5000   3.35341    
3989.500   14.7268    1.000000                         2.55296    
3989.000   48.3314    1.000000                         2.72198    
3988.500   349.6433   3.000000                         10.01245   
3988.000   322.8021   1.000000                         4.25668    
3987.500   149.2658   1.000000   1.330000   102.5000   7.02012    
3987.000   289.6110   4.000000                         10.84278   
3986.500   282.7460   4.000000                         13.45067   
3986.000   284.9173   4.000000                         40.63838   
3985.500   204.2877   4.000000                         25.44170   
3985.000                         1.430000   110.5000              
3984.500   294.9092   5.000000                         32.32369   
3984.000   197.7773   1.000000                         27.82797   
3983.500                                                          
3983.000   166.8833   4.000000                         12.27337   
3982.500   166.5153   4.000000   1.450000   109.5000   11.80084   
3982.000   289.0073   2.000000                         42.62047   
3981.500   133.2667   2.000000                         5.78967    
3981.000   327.8871   5.000000                         50.46433   
3980.500                                                          
3980.000                         1.340000   120.5000              
3979.500   308.3826   1.000000                         0.87997    
3979.000   314.0468   1.000000                         0.71746    
3978.500   286.2724   1.000000                         2.81972    
3978.000   62.8409    1.000000                         1.69197    
3977.500   173.8975   1.000000   1.450000   114.5000   1.47435    
3977.000   214.1223   1.000000                         1.30367    
3976.500   216.3581   1.000000                         1.19467    
3976.000   132.9695   2.000000                         0.52267    
3975.500   97.7352    1.000000                         2.95928    
3975.000   97.3027    1.000000   1.360000   110.5000   3.43658    
3974.500   170.0358   4.000000                         1.26467    
3974.000   320.1674   2.000000                         5.24912    
3973.500   326.6696   2.000000                         1.94044    
3973.000   319.3275   4.000000                         13.95432   
3972.500   300.0709   4.000000   1.440000   110.5000   3.71952    
3972.000   254.0596   3.000000                         23.25945   
3971.500   256.0867   2.000000                         23.49380   
3971.000   25.1145    3.000000                         35.17004   
3970.500   129.9820   3.000000                         1.47396    
3970.000   131.4327   3.000000   1.410000   110.5000   1.53075    
3969.500   355.8113   4.000000                         52.71797   
3969.000   356.9413   4.000000                         52.25857   
3968.500   273.4073   4.000000                         41.88469   
3968.000   65.2723    3.000000                         1.89978    
3967.500   183.0255   1.000000   1.400000   113.5000   30.45291   
3967.000   204.8247   2.000000                         1.77899    
3966.500   213.9950   1.000000                         1.95566    
3966.000   184.1470   1.000000                         3.58051    
3965.500   187.7289   1.000000                         3.45980    
3965.000   175.8907   1.000000   1.390000   114.5000   1.02290    
3964.500   140.4784   1.000000                         2.11045    
3964.000   162.9889   2.000000                         2.21886    
3963.500   206.4651   1.000000                         3.25243    
3963.000   212.7021   2.000000                         2.67963    
3962.500   169.4056   4.000000   1.400000   112.5000   32.65160   
3962.000   153.4255   1.000000                         5.03536    
3961.500   223.4557   1.000000                         3.47182    
3961.000   240.7772   1.000000                         1.19852    
3960.500   258.3364   1.000000                         1.62236    
3960.000   335.0417   3.000000   1.330000   117.5000   24.61002   
3959.500                                                          
3959.000   256.2568   1.000000                         5.26908    
3958.500   245.7287   1.000000                         3.85897    
3958.000   46.7431    1.000000                         0.70793    
3957.500   202.0168   2.000000   1.310000   111.5000   1.38224    
3957.000   243.9315   1.000000                         1.42722    
3956.500   228.6855   1.000000                         1.80201    
3956.000   231.2672   1.000000                         1.51899    
3955.500   275.8756   1.000000                         1.29484    
3955.000   300.4507   1.000000   1.300000   112.5000   2.14933    
3954.500   202.5876   2.000000                         2.35956    
3954.000   55.1283    1.000000                         1.37960    
3953.500   5.0991     1.000000                         5.60296    
3953.000   316.5374   1.000000                         6.06995    
3952.500   6.8804     1.000000   1.370000   112.5000   8.90343    
3952.000   9.1206     1.000000                         6.32761    
3951.500   313.8702   1.000000                         3.51606    
3951.000   297.4386   1.000000                         3.61060    
3950.500   320.9742   2.000000                         38.93862   
3950.000   125.5673   1.000000   1.390000   112.5000   13.51391   
3949.500   180.2062   2.000000                         2.13845    
3949.000   189.0410   1.000000                         2.76759    
3948.500   222.0292   1.000000                         1.48511    
3948.000   255.9197   1.000000                         1.20539    
3947.500   284.7100   1.000000   1.300000   113.5000   0.85921    
3947.000   72.9669    1.000000                         0.44109    
3946.500   336.5577   1.000000                         0.46945    
3946.000   308.3105   1.000000                         1.80039    
3945.500   315.8575   1.000000                         0.89439    
3945.000   20.8002    1.000000   1.410000   115.5000   1.00247    
3944.500   321.3002   1.000000                         1.05116    
3944.000   288.1614   1.000000                         2.43015    
3943.500   297.7909   1.000000                         6.68731    
3943.000   184.1785   1.000000                         4.12420    
3942.500   185.1269   1.000000   1.430000   114.5000   4.08423    
3942.000   204.5333   1.000000                         2.29552    
3941.500   214.8776   1.000000                         2.15436    
3941.000   224.4632   1.000000                         1.34676    
3940.500   271.0923   1.000000                         2.31837    
3940.000   273.3043   1.000000   1.420000   113.5000   2.53110    
3939.500   271.1388   1.000000                         0.81980    
3939.000   280.2451   1.000000                         1.05885    
3938.500   299.0847   1.000000                         2.06094    
3938.000   306.7064   1.000000                         1.14473    
3937.500   254.8124   1.000000   1.470000   115.5000   2.61230    
3937.000   263.8117   1.000000                         2.59576    
3936.500   264.2958   1.000000                         2.48528    
3936.000   261.9895   1.000000                         1.76672    
3935.500   267.1188   1.000000                         2.02139    
3935.000   266.2540   1.000000   1.520000   116.5000   2.53106    
3934.500   246.8438   1.000000                         3.12897    
3934.000   255.4302   1.000000                         3.21045    
3933.500   283.1360   1.000000                         2.71568    
3933.000   201.7161   1.000000                         1.22670    
3932.500   214.8280   1.000000   1.500000   111.5000   1.51993    
3932.000   242.8536   1.000000                         1.21784    
3931.500   262.6580   1.000000                         1.31155    
3931.000   209.3510   1.000000                         1.54962    
3930.500   208.7944   1.000000                         2.14996    
3930.000   138.6796   3.000000   1.420000   124.5000   7.52744    
3929.500   292.4818   1.000000                         1.70245    
3929.000   265.5150   1.000000                         0.91598    
3928.500   121.8920   1.000000                         1.40074    
3928.000   263.1291   1.000000                         3.77876    
3927.500   278.1874   3.000000   1.490000   115.5000   4.05308    
3927.000   357.9266   1.000000                         6.82093    
3926.500   2.4334     1.000000                         6.39079    
3926.000   74.6668    1.000000                         7.16293    
3925.500   319.6786   1.000000                         1.75469    
3925.000   316.0646   1.000000   1.500000   114.5000   1.72410    
3924.500   195.1763   1.000000                         6.86639    
3924.000   135.0609   1.000000                         4.95598    
3923.500   180.9662   1.000000                         1.88969    
3923.000   295.7188   1.000000                         2.07906    
3922.500   316.6213   3.000000   1.480000   115.5000   3.45272    
3922.000   270.0000   1.000000                         1.32249    
3921.500   281.6460   1.000000                         1.35826    
3921.000   114.2090   1.000000                         6.73513    
3920.500   114.3666   1.000000                         4.12209    
3920.000   131.4895   1.000000   1.400000   115.5000   1.81472    
3919.500   9.6150     1.000000                         9.30351    
3919.000   354.4025   1.000000                         5.57401    
3918.500   227.8326   1.000000                         2.52552    
3918.000   238.5914   1.000000                         6.47220    
3917.500   229.8199   1.000000   1.480000   118.5000   7.03914    
3917.000   13.6654    1.000000                         40.09593   
3916.500   10.7634    1.000000                         39.99044   
3916.000   31.0580    1.000000                         1.72917    
3915.500   22.9427    1.000000                         1.51808    
3915.000   33.0971    1.000000   1.400000   121.5000   1.25951    
3914.500   25.5253    1.000000                         1.19004    
3914.000   333.5703   3.000000                         7.22383    
3913.500   334.9693   3.000000                         7.69964    
3913.000   15.2836    2.000000                         26.09467   
3912.500                         1.440000   115.5000              
3912.000   15.2713    1.000000                         15.00632   
3911.500   94.3963    2.000000                         37.46092   
3911.000   101.5048   3.000000                         33.50507   
3910.500   302.0715   2.000000                         8.18978    
3910.000   268.4081   1.000000   1.460000   114.5000   6.87115    
3909.500   269.2709   1.000000                         4.57005    
3909.000   217.7892   1.000000                         2.06060    
3908.500   258.6693   1.000000                         2.99236    
3908.000   249.8347   1.000000                         5.78366    
3907.500   191.6732   1.000000   1.560000   110.5000   6.57014    
3907.000   343.3735   1.000000                         5.05808    
3906.500   344.7895   2.000000                         3.97817    
3906.000   2.2256     2.000000                         22.61514   
3905.500   312.9885   1.000000                         10.41863   
3905.000   231.9904   1.000000   1.490000   115.5000   1.38775    
3904.500   263.4307   1.000000                         1.96744    
3904.000   332.4106   1.000000                         4.49281    
3903.500   332.2300   4.000000                         6.04428    
3903.000   296.3051   3.000000                         10.89241   
3902.500   106.3118   1.000000   1.560000   114.5000   34.39102   
3902.000   307.6025   2.000000                         30.59169   
3901.500   309.2877   2.000000                         34.15950   
3901.000   268.7109   1.000000                         2.54520    
3900.500   253.7310   1.000000                         2.83584    
3900.000   234.2952   1.000000   1.530000   111.5000   3.84470    
3899.500   278.6448   1.000000                         2.12118    
3899.000   272.8532   1.000000                         2.18351    
3898.500   267.2516   1.000000                         1.86742    
3898.000   272.2234   1.000000                         1.70880    
3897.500   252.8728   1.000000   1.710000   114.5000   39.01774   
3897.000   93.0282    1.000000                         24.82079   
3896.500   109.7248   1.000000                         11.58587   
3896.000   102.2857   4.000000                         9.96932    
3895.500   266.2189   3.000000                         10.29037   
3895.000   99.1962    3.000000   1.690000   116.5000   12.09678   
3894.500   79.7492    3.000000                         31.75932   
3894.000   264.6067   3.000000                         27.21624   
3893.500   268.0511   3.000000                         29.21716   
3893.000   337.5788   3.000000                         4.43319    
3892.500   203.4534   4.000000   1.710000   113.5000   15.72633   
3892.000   201.2466   3.000000                         16.62942   
3891.500   158.5430   4.000000                         42.85113   
3891.000                                                          
3890.500                                                          
3890.000   38.6573    3.000000   1.690000   113.5000   41.80277   
3889.500                                                          
3889.000   13.1382    4.000000                         38.16510   
3888.500   265.6401   4.000000                         23.77493   
3888.000                                                          
3887.500   239.1844   1.000000   1.790000   114.5000   5.49465    
3887.000   238.3098   2.000000                         6.08826    
3886.500   208.1442   3.000000                         29.94270   
3886.000   211.0650   3.000000                         30.56175   
3885.500   192.4098   4.000000                         26.38481   
3885.000   190.3047   1.000000   1.740000   110.5000   24.45772   
3884.500   163.5942   2.000000                         21.94830   
3884.000   157.2209   2.000000                         24.73200   
3883.500   123.0068   1.000000                         38.20865   
3883.000   119.9555   1.000000                         38.06298   
3882.500   100.7454   4.000000   1.840000   109.5000   32.45953   
3882.000   177.4768   5.000000                         33.19482   
3881.500   93.8298    5.000000                         63.01350   
3881.000   93.0128    4.000000                         64.69946   
3880.500                                                          
3880.000                         1.830000   112.5000              
3879.500   141.1156   5.000000                         37.85952   
3879.000   295.4102   4.000000                         51.42422   
3878.500   233.8237   3.000000                         34.39251   
3878.000                                                          
3877.500   204.7786   2.000000   1.840000   111.5000   26.15905   
3877.000   23.3522    4.000000                         43.01444   
3876.500                                                          
3876.000   254.4273   3.000000                         47.16160   
3875.500   259.8486   3.000000                         37.09351   
3875.000   292.3723   4.000000   1.710000   111.5000   37.21203   
3874.500                                                          
3874.000                                                          
3873.500   265.1943   4.000000                         40.77551   
3873.000   247.4932   4.000000                         9.94759    
3872.500   128.9734   3.000000   1.760000   111.5000   16.50684   
3872.000   259.7983   4.000000                         13.28027   
3871.500   234.3364   1.000000                         31.28943   
3871.000   238.2912   1.000000                         29.27473   
3870.500   254.8287   1.000000                         6.48879    
3870.000   201.1120   1.000000   1.860000   117.5000   9.32046    
3869.500   270.9079   1.000000                         5.75864    
3869.000   283.4072   1.000000                         7.98063    
3868.500   300.1261   1.000000                         3.47419    
3868.000   241.0524   3.000000                         3.54899    
3867.500   14.0250    3.000000   1.860000   115.5000   18.16999   
3867.000   339.1647   3.000000                         41.30628   
3866.500   284.3255   3.000000                         4.28293    
3866.000   207.4656   3.000000                         37.60059   
3865.500   284.2949   3.000000                         33.39563   
3865.000   283.4456   3.000000   1.930000   112.5000   35.08391   
3864.500   272.0899   1.000000                         4.11059    
3864.000   268.2155   1.000000                         3.74770    
3863.500   271.5355   1.000000                         4.09813    
3863.000   271.4587   1.000000                         3.81792    
3862.500   272.2285   1.000000   1.810000   117.5000   3.65959    
3862.000   300.6588   1.000000                         4.63039    
3861.500   286.9950   1.000000                         1.45258    
3861.000   282.1134   2.000000                         1.39010    
3860.500   302.8594   1.000000                         4.11669    
3860.000   301.8456   1.000000   1.830000   115.5000   3.53213    
3859.500   298.1516   1.000000                         2.66507    
3859.000   290.6146   2.000000                         2.94390    
3858.500   282.5573   1.000000                         1.60204    
3858.000   300.4573   1.000000                         1.72267    
3857.500   308.8389   1.000000   1.780000   114.5000   2.09709    
3857.000   286.2697   2.000000                         1.93300    
3856.500   305.7415   1.000000                         1.50067    
3856.000   303.0294   1.000000                         1.82020    
3855.500   301.0713   1.000000                         2.14088    
3855.000   296.0046   1.000000   1.910000   119.5000   3.15585    
3854.500   281.3798   1.000000                         3.52970    
3854.000   279.8727   2.000000                         2.36230    
3853.500   301.6140   1.000000                         3.92741    
3853.000   287.1149   1.000000                         3.56859    
3852.500   282.8076   1.000000   1.800000   117.5000   3.19374    
3852.000   292.6574   1.000000                         4.44196    
3851.500   276.2553   1.000000                         4.09863    
3851.000   247.4035   1.000000                         7.49150    
3850.500   232.5465   1.000000                         1.85882    
3850.000   22.3180    4.000000   1.820000   115.5000   4.55518    
3849.500   199.6877   1.000000                         4.76637    
3849.000   258.1184   1.000000                         2.56906    
3848.500   283.2183   1.000000                         3.28737    
3848.000   84.8027    1.000000                         41.15417   
3847.500   321.6716   1.000000   1.940000   121.5000   1.87678    
3847.000   145.7754   4.000000                         29.05845   
3846.500   319.2668   1.000000                         6.12999    
3846.000   317.0903   1.000000                         5.47680    
3845.500   175.4417   3.000000                         34.92670   
3845.000   12.9620    4.000000   1.880000   115.5000   33.90792   
3844.500   315.1974   2.000000                         3.03279    
3844.000   329.9799   1.000000                         1.84994    
3843.500   321.7520   2.000000                         3.21704    
3843.000   298.5444   1.000000                         5.33235    
3842.500   301.2612   1.000000   1.900000   119.5000   5.17712    
3842.000   298.0555   1.000000                         4.68443    
3841.500   285.1539   1.000000                         3.45936    
3841.000   293.6111   1.000000                         2.54190    
3840.500   293.6888   1.000000                         2.45942    
3840.000   287.4525   1.000000   1.910000   119.5000   2.88215    
3839.500   295.1192   1.000000                         3.46897    
3839.000   314.5406   1.000000                         3.41468    
3838.500   321.3983   1.000000                         3.74436    
3838.000   317.6102   1.000000                         3.22733    
3837.500   314.0203   1.000000   1.890000   121.5000   3.98102    
3837.000   317.4609   1.000000                         3.18455    
3836.500   326.5458   1.000000                         3.24688    
3836.000   314.7169   1.000000                         2.37511    
3835.500   290.8080   1.000000                         3.98894    
3835.000   295.7500   1.000000   1.850000   120.5000   3.74633    
3834.500   214.3477   1.000000                         2.54984    
3834.000   295.9922   1.000000                         3.00631    
3833.500   302.6685   1.000000                         2.49581    
3833.000   285.3564   2.000000                         1.89990    
3832.500   233.7926   1.000000   1.870000   119.5000   9.26973    
3832.000   235.1009   1.000000                         9.86257    
3831.500   305.8130   1.000000                         4.63987    
3831.000   307.3973   1.000000                         4.11085    
3830.500   84.5394    1.000000                         3.28209    
3830.000   86.5566    1.000000   1.900000   119.5000   2.90331    
3829.500   308.7830   4.000000                         2.56878    
3829.000   313.6061   2.000000                         3.10382    
3828.500   301.0880   1.000000                         2.80287    
3828.000   302.7720   1.000000                         1.58098    
3827.500   306.6917   1.000000   2.060000   128.5000   1.34646    
3827.000   287.3826   1.000000                         1.98211    
3826.500   296.9323   2.000000                         1.63985    
3826.000   296.5205   3.000000                         1.78943    
3825.500   287.1109   2.000000                         3.29719    
3825.000   289.4940   1.000000   2.020000   122.5000   2.87268    
3824.500   344.8199   1.000000                         2.48085    
3824.000   337.0944   1.000000                         1.68478    
3823.500   242.4225   1.000000                         0.69472    
3823.000   191.3590   1.000000                         12.50218   
3822.500   316.1087   4.000000   2.080000   122.5000   48.25973   
3822.000   212.0340   1.000000                         1.94948    
3821.500   292.6576   2.000000                         9.33597    
3821.000                                                          
3820.500   92.6109    2.000000                         32.08108   
3820.000   275.4922   1.000000   1.660000   119.5000   2.61297    
3819.500   314.8786   1.000000                         1.17685    
3819.000   320.7022   1.000000                         0.69226    
3818.500   198.2599   1.000000                         2.89238    
3818.000   97.3387    1.000000                         3.60690    
3817.500   323.0493   1.000000   1.630000   118.5000   0.21309    
3817.000   293.1420   1.000000                         3.23923    
3816.500   316.2330   1.000000                         1.63912    
3816.000   354.8405   1.000000                         2.30354    
3815.500   93.9543    3.000000                         7.25977    
3815.000   15.7850    1.000000   1.190000   111.5000   21.21137   
3814.500   205.8346   1.000000                         19.97458   
3814.000   293.4221   2.000000                         1.93827    
3813.500   313.1415   2.000000                         2.12567    
3813.000   317.9556   1.000000                         2.05231    
3812.500   291.2490   4.000000   1.900000   115.5000   1.77961    
3812.000   236.0372   3.000000                         2.25911    
3811.500                                                          
3811.000                                                          
3810.500                                                          
3810.000   302.5417   1.000000   2.110000   121.5000   2.06727    
3809.500   1.1488     1.000000                         1.96089    
3809.000   350.4933   3.000000                         29.60398   
3808.500   32.6631    3.000000                         7.12758    
3808.000   226.6486   1.000000                         1.91807    
3807.500   227.8396   1.000000   2.130000   120.5000   1.81150    
3807.000   298.7710   2.000000                         2.10902    
3806.500   294.5086   2.000000                         1.96927    
3806.000   332.8483   1.000000                         1.95170    
3805.500                                                          
3805.000   145.8467   1.000000   2.119999   121.5000   12.99154   
3804.500   261.1289   1.000000                         2.27744    
3804.000   307.9633   1.000000                         1.79764    
3803.500   337.6035   2.000000                         1.51453    
3803.000   254.5945   1.000000                         16.61279   
3802.500   113.6373   4.000000   2.449999   117.5000   3.90991    
3802.000   47.2620    5.000000                         6.19129    
3801.500   262.7578   4.000000                         24.25494   
3801.000                                                          
3800.500                                                          
3800.000   202.3473   3.000000   2.010000   120.5000   32.18215   
3799.500   208.9483   4.000000                         41.47859   
3799.000   318.1796   3.000000                         10.79665   
3798.500   77.0116    1.000000                         8.06548    
3798.000   82.1009    1.000000                         6.72891    
3797.500   341.4565   2.000000   2.060000   116.5000   1.28906    
3797.000   315.1362   3.000000                         1.29277    
3796.500   341.9260   3.000000                         2.22970    
3796.000   339.2000   2.000000                         6.60736    
3795.500   345.3307   2.000000                         2.91726    
3795.000   339.2193   1.000000   2.040000   109.5000   5.71060    
3794.500   64.0052    1.000000                         2.16796    
3794.000   10.9612    1.000000                         43.57282   
3793.500   10.6888    1.000000                         42.65403   
3793.000   240.8333   1.000000                         3.71429    
3792.500   231.5400   1.000000   1.870000   99.5000    3.68240    
3792.000   351.3347   2.000000                         6.11890    
3791.500   213.0911   1.000000                         1.84484    
3791.000   317.3738   1.000000                         15.81287   
3790.500   44.3261    1.000000                         3.98422    
3790.000   44.5281    1.000000   1.870000   100.5000   3.78754    
3789.500   86.3863    2.000000                         10.76635   
3789.000   198.2528   5.000000                         31.24453   
3788.500   292.7479   1.000000                         1.99650    
3788.000   300.1251   1.000000                         1.89301    
3787.500   355.0615   1.000000   1.780000   110.5000   25.04351   
3787.000   7.0911     2.000000                         2.76687    
3786.500   6.4188     2.000000                         3.40764    
3786.000   345.8143   1.000000                         2.42628    
3785.500   341.3458   1.000000                         2.39765    
3785.000   359.2546   4.000000   1.950000   105.5000   41.11189   
3784.500   299.1450   1.000000                         1.75835    
3784.000   318.2018   1.000000                         1.84996    
3783.500   80.4509    4.000000                         32.43540   
3783.000   347.0803   3.000000                         1.49423    
3782.500   314.1330   3.000000   1.860000   101.5000   1.35278    
3782.000   43.9618    3.000000                         4.28198    
3781.500   335.1573   2.000000                         2.36990    
3781.000   318.2624   1.000000                         2.27008    
3780.500   320.3228   1.000000                         13.24369   
3780.000   347.0916   1.000000   1.750000   102.5000   3.32886    
3779.500   321.9359   1.000000                         2.21271    
3779.000   316.9315   1.000000                         2.27546    
3778.500   342.0396   1.000000                         4.43838    
3778.000   339.9990   1.000000                         3.50450    
3777.500   342.0617   1.000000   1.670000   108.5000   3.23301    
3777.000                                                          
3776.500   306.8134   1.000000                         2.09853    
3776.000   305.7783   1.000000                         2.12355    
3775.500   87.8168    2.000000                         14.47000   
3775.000   326.8059   1.000000   1.580000   100.5000   2.48697    
3774.500   312.7117   1.000000                         1.92914    
3774.000   193.7700   1.000000                         23.62606   
3773.500                                                          
3773.000   254.5262   1.000000                         2.03236    
3772.500   268.2769   1.000000   1.520000   98.5000    1.95046    
3772.000   211.7607   2.000000                         50.17086   
3771.500   268.7388   3.000000                         1.02902    
3771.000   25.4876    1.000000                         3.85226    
3770.500   302.4841   1.000000                         13.45516   
3770.000   268.2626   1.000000   1.660000   102.5000   2.89560    
3769.500   322.6841   1.000000                         7.28491    
3769.000   253.0358   1.000000                         0.73895    
3768.500   270.6941   1.000000                         0.56587    
3768.000   3.0801     2.000000                         9.98145    
3767.500   200.8150   1.000000   1.660000   97.5000    7.02070    
3767.000   209.3966   1.000000                         6.09250    
3766.500   178.5548   1.000000                         4.71746    
3766.000   172.1015   1.000000                         6.18709    
3765.500   196.9166   2.000000                         5.31089    
3765.000   345.6215   3.000000   1.620000   101.5000   1.30964    
3764.500   325.7217   1.000000                         1.86951    
3764.000   330.7365   1.000000                         2.08315    
3763.500   344.1777   3.000000                         4.20583    
3763.000   347.7506   3.000000                         1.09477    
3762.500   15.1087    2.000000   1.550000   99.5000    0.63048    
3762.000   19.0911    1.000000                         3.29811    
3761.500   23.2202    2.000000                         4.52117    
3761.000   5.0055     1.000000                         3.29213    
3760.500   12.1837    1.000000                         4.19334    
3760.000   28.1451    1.000000   1.600000   95.5000    3.85060    
3759.500   341.7137   1.000000                         18.40790   
3759.000   230.6720   3.000000                         30.78640   
3758.500   18.1365    1.000000                         1.86388    
3758.000   44.5179    1.000000                         2.56377    
3757.500   33.3686    3.000000   1.540000   94.5000    6.61791    
3757.000   312.9338   3.000000                         3.57658    
3756.500   294.7153   2.000000                         3.96885    
3756.000   329.0236   1.000000                         3.75349    
3755.500   337.6536   1.000000                         4.53570    
3755.000   344.1003   1.000000   1.450000   97.5000    6.80430    
3754.500   297.4410   1.000000                         3.16180    
3754.000   313.8962   1.000000                         2.32458    
3753.500   312.5094   1.000000                         1.85275    
3753.000   329.0551   3.000000                         3.16534    
3752.500   41.2377    1.000000   1.570000   95.5000    5.30744    
3752.000   15.4059    1.000000                         5.29404    
3751.500   264.6962   1.000000                         6.51861    
3751.000                                                          
3750.500                                                          
3750.000   313.0919   3.000000   1.510000   93.5000    27.22690   
3749.500   323.4559   1.000000                         1.44675    
3749.000   325.1184   1.000000                         1.31705    
3748.500   335.1838   2.000000                         22.32148   
3748.000                                                          
3747.500                         1.540000   94.5000               
3747.000                                                          
3746.500   311.3860   2.000000                         1.34485    
3746.000   286.1639   2.000000                         1.16458    
3745.500                                                          
3745.000   0.6999     1.000000   1.450000   91.5000    1.86718    
3744.500   357.8025   1.000000                         1.80176    
3744.000   10.1778    1.000000                         41.99862   
3743.500   13.9478    1.000000                         40.15449   
3743.000   308.0545   1.000000                         5.93304    
3742.500   310.6656   1.000000   1.480000   88.5000    6.99782    
3742.000   357.5865   1.000000                         3.96873    
3741.500   8.6925     2.000000                         4.06837    
3741.000   23.3175    2.000000                         5.44354    
3740.500   15.7161    2.000000                         5.07423    
3740.000   6.6373     1.000000   1.500000   90.5000    4.22816    
3739.500   3.5639     1.000000                         3.71535    
3739.000   4.2343     3.000000                         3.90084    
3738.500   191.7020   4.000000                         41.34091   
3738.000   340.2725   4.000000                         3.11810    
3737.500   353.9219   4.000000   1.470000   89.5000    3.31672    
3737.000   10.0583    3.000000                         3.23069    
3736.500   84.4266    3.000000                         14.03236   
3736.000   338.7804   2.000000                         3.92867    
3735.500   339.0721   1.000000                         3.14415    
3735.000   356.3035   1.000000   1.520000   88.5000    2.71772    
3734.500   17.3238    2.000000                         3.42445    
3734.000   9.2377     3.000000                         2.81661    
3733.500   281.6632   3.000000                         15.76752   
3733.000   278.7991   3.000000                         17.49776   
3732.500   274.3542   4.000000   1.510000   86.5000    34.19865   
3732.000   242.3168   2.000000                         27.76161   
3731.500   240.7661   2.000000                         28.72000   
3731.000   270.6349   3.000000                         43.18327   
3730.500   264.1331   5.000000                         11.01527   
3730.000   313.3044   4.000000   1.480000   87.5000    27.13456   
3729.500   203.5989   3.000000                         28.54898   
3729.000   257.7489   2.000000                         5.49355    
3728.500   288.6230   2.000000                         7.09562    
3728.000   299.7849   1.000000                         6.10350    
3727.500   303.4045   1.000000   1.500000   87.5000    5.69199    
3727.000   104.5956   4.000000                         41.78651   
3726.500   264.2678   4.000000                         8.63610    
3726.000   104.4653   5.000000                         35.28921   
3725.500   203.6579   5.000000                         12.25205   
3725.000   292.7040   4.000000   1.500000   86.5000    19.31066   
3724.500   157.8909   5.000000                         34.90831   
3724.000   163.5341   5.000000                         27.00689   
3723.500   283.7189   5.000000                         5.31619    
3723.000   270.0692   1.000000                         5.12327    
3722.500   268.2267   1.000000   1.450000   87.5000    5.58468    
3722.000   264.8435   4.000000                         3.36828    
3721.500   269.7837   4.000000                         3.53398    
3721.000   359.4623   4.000000                         43.48284   
3720.500   262.6790   3.000000                         5.01264    
3720.000   260.0946   2.000000   1.450000   86.5000    4.92866    
3719.500   20.5966    5.000000                         30.15651   
3719.000   282.6311   4.000000                         4.88037    
3718.500   273.3719   4.000000                         4.46526    
3718.000   296.5403   4.000000                         3.96472    
3717.500   302.1536   3.000000   1.400000   84.5000    2.61650    
3717.000   296.1199   3.000000                         2.98051    
3716.500   263.1516   2.000000                         3.16915    
3716.000   42.5563    4.000000                         29.15255   
3715.500   281.2957   1.000000                         2.05436    
3715.000   273.6782   1.000000   1.440000   86.5000    2.43986    
3714.500   263.0223   2.000000                         2.45168    
3714.000   253.4130   2.000000                         1.77994    
3713.500   265.9908   1.000000                         2.51446    
3713.000   277.4009   1.000000                         2.78786    
3712.500   84.7312    4.000000   1.500000   87.5000    1.33310    
3712.000   236.3903   3.000000                         3.17019    
3711.500   238.8179   3.000000                         3.12462    
3711.000   260.3935   3.000000                         1.85072    
3710.500   272.2794   2.000000                         2.28680    
3710.000   272.9866   3.000000   1.480000   84.5000    2.31955    
3709.500   274.9049   3.000000                         2.30372    
3709.000   274.5057   1.000000                         2.42206    
3708.500   280.8240   1.000000                         2.27778    
3708.000   287.8947   1.000000                         2.81450    
3707.500   285.5894   2.000000   1.410000   86.5000    2.42262    
3707.000   271.1396   1.000000                         1.63919    
3706.500   288.6066   1.000000                         2.89315    
3706.000   311.7754   1.000000                         2.57906    
3705.500   289.4814   1.000000                         0.23664    
3705.000   270.0000   1.000000   1.490000   84.5000    0.50272    
3704.500   287.0108   3.000000                         1.58540    
3704.000   124.7458   4.000000                         30.77118   
3703.500   257.3713   4.000000                         32.80384   
3703.000   284.2335   3.000000                         2.18516    
3702.500   305.2967   3.000000   1.450000   85.5000    1.96937    
3702.000   29.4712    1.000000                         2.18454    
3701.500   205.8930   1.000000                         11.03724   
3701.000   37.8200    1.000000                         7.74515    
3700.500                                                          
3700.000                         1.310000   85.5000               
3699.500   198.9734   3.000000                         44.58966   
3699.000   311.7948   1.000000                         2.19118    
3698.500   304.4135   2.000000                         2.14345    
3698.000   312.6083   3.000000                         2.06702    
3697.500   301.0211   3.000000   1.440000   84.5000    2.11794    
3697.000   319.1605   3.000000                         2.07830    
3696.500   313.6305   2.000000                         1.69801    
3696.000   302.9769   3.000000                         3.23665    
3695.500   192.0291   3.000000                         14.94528   
3695.000   296.8566   1.000000   1.450000   83.5000    1.96698    
3694.500   296.4973   1.000000                         1.93062    
3694.000   316.4002   1.000000                         1.23051    
3693.500   359.0511   4.000000                         27.84866   
3693.000   301.5546   2.000000                         1.14858    
3692.500   306.9506   1.000000   1.430000   85.5000    1.83978    
3692.000   321.2082   1.000000                         1.87195    
3691.500   324.2334   1.000000                         1.53479    
3691.000   319.0948   1.000000                         1.64034    
3690.500   326.5014   1.000000                         1.49673    
3690.000   337.9056   1.000000   1.430000   85.5000    1.56118    
3689.500   341.2228   1.000000                         1.62026    
3689.000   345.8571   1.000000                         2.30512    
3688.500   355.5851   1.000000                         1.66537    
3688.000   7.4556     1.000000                         1.54806    
3687.500   344.3509   1.000000   1.500000   83.5000    1.49566    
3687.000   341.9453   1.000000                         1.62585    
3686.500   346.0802   1.000000                         1.53974    
3686.000   338.3688   1.000000                         1.60770    
3685.500   330.7048   1.000000                         1.45431    
3685.000   312.4971   1.000000   1.520000   82.5000    1.35427    
3684.500   316.0824   1.000000                         1.89467    
3684.000   331.4567   1.000000                         3.19122    
3683.500   326.2383   1.000000                         2.55270    
3683.000   327.0908   1.000000                         2.13153    
3682.500   310.7371   3.000000   1.570000   84.5000    1.41008    
3682.000   335.6631   2.000000                         2.63735    
3681.500   295.6992   2.000000                         2.24558    
3681.000   286.6332   1.000000                         2.38250    
3680.500   313.9319   1.000000                         2.68632    
3680.000   322.7191   1.000000   1.510000   87.5000    2.86218    
3679.500   9.5208     2.000000                         1.25313    
3679.000   56.2875    1.000000                         14.45488   
3678.500   55.0448    1.000000                         13.90340   
3678.000   307.8638   1.000000                         1.43514    
3677.500   248.1517   2.000000   1.550000   86.5000    11.42739   
3677.000   324.5398   3.000000                         3.62180    
3676.500   325.1578   1.000000                         3.04317    
3676.000   289.8334   1.000000                         1.37813    
3675.500   303.6354   2.000000                         1.85040    
3675.000   296.2151   1.000000   1.580000   89.5000    2.65164    
3674.500   292.6540   1.000000                         2.83576    
3674.000   222.8899   1.000000                         2.52537    
3673.500   236.6700   1.000000                         1.48626    
3673.000   238.6862   1.000000                         2.24311    
3672.500   241.1118   1.000000   1.550000   89.5000    3.05636    
3672.000   245.0095   1.000000                         2.22286    
3671.500   256.1160   2.000000                         1.34556    
3671.000   233.4269   3.000000                         2.02075    
3670.500   244.2888   2.000000                         2.50425    
3670.000   239.3614   2.000000   1.520000   86.5000    2.87994    
3669.500   240.5785   3.000000                         2.84235    
3669.000   230.4422   4.000000                         43.33730   
3668.500   232.8610   4.000000                         3.96438    
3668.000   329.0831   2.000000                         33.97278   
3667.500   331.0073   3.000000   1.530000   88.5000    4.02401    
3667.000   332.6022   1.000000                         4.85331    
3666.500   324.5865   1.000000                         3.73527    
3666.000   314.5834   1.000000                         1.96695    
3665.500   272.7723   1.000000                         0.40742    
3665.000   258.8295   2.000000   1.620000   86.5000    1.00106    
3664.500   204.3409   2.000000                         2.26790    
3664.000   111.8282   1.000000                         4.09789    
3663.500   19.4267    4.000000                         9.02078    
3663.000   339.6898   4.000000                         35.23074   
3662.500   267.8583   1.000000   1.600000   86.5000    2.22102    
3662.000   272.1056   1.000000                         2.24266    
3661.500   276.3098   2.000000                         1.78767    
3661.000   29.4512    1.000000                         0.86442    
3660.500   308.5895   2.000000                         2.03528    
3660.000   240.8353   4.000000   1.660000   88.5000    49.93268   
3659.500                                                          
3659.000   307.5328   2.000000                         1.80279    
3658.500   332.1778   4.000000                         4.12924    
3658.000   54.0722    4.000000                         41.26159   
3657.500   97.3047    4.000000   1.510000   92.5000    24.56654   
3657.000   318.5391   4.000000                         17.18615   
3656.500   276.4559   3.000000                         1.75476    
3656.000   280.5634   4.000000                         1.62429    
3655.500   288.4111   3.000000                         3.07564    
3655.000   281.1310   3.000000   1.450000   90.5000    3.15912    
3654.500                                                          
3654.000   145.0941   4.000000                         23.11548   
3653.500   141.3220   4.000000                         24.32198   
3653.000   197.8867   4.000000                         42.34541   
3652.500   329.1234   5.000000   1.490000   93.5000    24.65422   
3652.000   219.7152   4.000000                         43.17021   
3651.500   289.3749   3.000000                         54.33873   
3651.000   102.2372   4.000000                         47.95824   
3650.500   161.4195   4.000000                         14.64919   
3650.000   96.5948    5.000000   1.450000   89.5000    10.82298   
3649.500   237.3506   4.000000                         19.81443   
3649.000   273.9614   3.000000                         14.01961   
3648.500   258.2033   4.000000                         27.37728   
3648.000   9.4724     4.000000                         35.85963   
3647.500   114.0697   4.000000   1.500000   92.5000    57.72114   
3647.000   102.1709   4.000000                         2.96648    
3646.500   314.4958   4.000000                         28.94312   
3646.000   312.6014   5.000000                         46.56438   
3645.500   0.0        4.000000                         0.93111    
3645.000   27.6027    4.000000   1.530000   90.5000    9.13917    
3644.500   239.3093   4.000000                         45.17028   
3644.000   288.4240   4.000000                         4.99797    
3643.500   345.0856   4.000000                         26.45210   
3643.000   7.3538     1.000000                         5.40931    
3642.500   329.8831   1.000000   1.560000   90.5000    2.66343    
3642.000   292.4268   1.000000                         1.56889    
3641.500   192.9879   2.000000                         9.76017    
3641.000   269.4847   5.000000                         46.37578   
3640.500                                                          
3640.000   280.0674   3.000000   1.530000   88.5000    1.63043    
3639.500                                                          
3639.000   294.6157   4.000000                         4.05201    
3638.500   252.1690   1.000000                         4.30572    
3638.000   258.7652   1.000000                         3.71825    
3637.500   301.0834   3.000000   1.580000   87.5000    3.28596    
3637.000   301.8883   2.000000                         2.75679    
3636.500   317.2390   4.000000                         0.90832    
3636.000   272.2684   2.000000                         2.08804    
3635.500   209.3619   2.000000                         7.84666    
3635.000   208.6902   3.000000   1.520000   88.5000    7.24212    
3634.500   177.7698   3.000000                         30.12709   
3634.000   35.8819    4.000000                         34.20078   
3633.500   316.3973   5.000000                         45.45723   
3633.000   296.0732   2.000000                         8.92753    
3632.500   161.3240   1.000000   1.570000   87.5000    9.45923    
3632.000   179.5392   1.000000                         5.06853    
3631.500   111.9691   2.000000                         23.20338   
3631.000   199.4500   5.000000                         0.98085    
3630.500   347.5605   5.000000                         19.82346   
3630.000   347.4945   5.000000   1.520000   88.5000    20.26477   
3629.500   238.0583   4.000000                         3.11194    
3629.000   319.3013   3.000000                         1.31530    
3628.500   328.4461   4.000000                         64.63747   
3628.000                                                          
3627.500   347.7974   4.000000   1.580000   87.5000    24.80907   
3627.000   242.8163   3.000000                         43.62357   
3626.500   185.1571   1.000000                         18.07994   
3626.000   19.5307    4.000000                         28.35769   
3625.500   13.5010    3.000000                         21.61716   
3625.000   88.3327    4.000000   1.560000   86.5000    35.95922   
3624.500   23.5644    5.000000                         39.37019   
3624.000                                                          
3623.500   70.7064    4.000000                         36.46126   
3623.000   323.2440   4.000000                         7.42589    
3622.500   94.8833    4.000000   1.470000   83.5000    34.27605   
3622.000   224.5649   5.000000                         32.80424   
3621.500                                                          
3621.000   319.4685   4.000000                         33.80603   
3620.500                                                          
3620.000   259.4667   2.000000   1.490000   85.5000    0.60930    
3619.500   322.2579   1.000000                         1.93835    
3619.000   350.3009   3.000000                         3.56205    
3618.500   267.9705   4.000000                         5.72369    
3618.000   281.1880   3.000000                         11.20566   
3617.500   203.4654   1.000000   1.490000   83.5000    0.80329    
3617.000   207.1046   1.000000                         0.76731    
3616.500   247.4402   1.000000                         16.90828   
3616.000   250.2975   1.000000                         16.70591   
3615.500   196.6633   1.000000                         16.64636   
3615.000   31.4438    2.000000   1.450000   83.5000    23.86629   
3614.500                                                          
3614.000                                                          
3613.500   252.2417   3.000000                         4.36350    
3613.000   190.6034   4.000000                         36.07808   
3612.500                         1.470000   84.5000               
3612.000                                                          
3611.500                                                          
3611.000   288.0014   1.000000                         2.33682    
3610.500   264.5326   1.000000                         2.07772    
3610.000   221.9810   1.000000   1.550000   85.5000    0.75759    
3609.500   104.5348   1.000000                         10.29901   
3609.000   285.0698   3.000000                         52.39114   
3608.500   256.7136   3.000000                         2.21323    
3608.000   204.8050   3.000000                         2.01147    
3607.500   248.5787   2.000000   1.550000   82.5000    1.02252    
3607.000   239.2433   3.000000                         2.02077    
3606.500   249.4252   3.000000                         2.90869    
3606.000   303.8198   2.000000                         1.23570    
3605.500   324.2407   2.000000                         0.49641    
3605.000                         1.650000   80.5000               
3604.500   159.4498   3.000000                         45.69489   
3604.000                                                          
3603.500   70.6243    2.000000                         38.06697   
3603.000                                                          
3602.500                         1.670000   85.5000               
3602.000   106.1115   4.000000                         24.33017   
3601.500   77.3129    4.000000                         12.22752   
3601.000                                                          
3600.500   61.3941    4.000000                         25.94130   
3600.000   43.5785    5.000000   1.610000   88.5000    32.54077   
3599.500                                                          
3599.000   140.0591   4.000000                         7.57875    
3598.500   218.7910   5.000000                         7.47317    
3598.000   327.6967   5.000000                         44.53610   
3597.500                         1.590000   84.5000               
