WellName:  1API 0001  PR
Field:     PR-01
Operator:  PETROBRAS
Country:   BRA
RunNumber: 0

DEPT       GR         CALI       MSFL       DT         TT1        TT2        TT3        TT4        TENS       
M          GAPI       IN         OHMM       US/F       US         US         US         US         LB         
3913.071   0.0        8.53000    9.18       0.0        0.0        0.0        0.0        0.0        4279.000   
3912.919   0.0        8.09000    6.14       0.0        0.0        0.0        0.0        0.0        4289.000   
3912.767   0.0        8.13000    6.25       0.0        0.0        0.0        0.0        0.0        4274.000   
3912.614   0.0        8.31000    9.62       0.0        0.0        0.0        0.0        0.0        4270.000   
3912.462   0.0        8.30000    20.42      0.0        0.0        0.0        0.0        0.0        4289.000   
3912.309   0.0        8.35000    46.99      0.0        0.0        0.0        0.0        0.0        4299.000   
3912.157   0.0        8.34000    55.98      0.0        0.0        0.0        0.0        0.0        4304.000   
3912.004   0.0        8.36000    71.94      0.0        0.0        0.0        0.0        0.0        4270.000   
3911.852   0.0        8.35000    91.83      0.0        0.0        0.0        0.0        0.0        4279.000   
3911.700   0.0        8.30000    100.93     0.0        0.0        0.0        0.0        0.0        4274.000   
3911.547   0.0        8.30000    92.90      0.0        0.0        0.0        0.0        0.0        4270.000   
3911.395   0.0        8.30000    73.96      0.0        0.0        0.0        0.0        0.0        4274.000   
3911.243   0.0        8.32000    58.88      0.0        0.0        0.0        0.0        0.0        4284.000   
3911.090   0.0        8.26000    50.93      0.0        0.0        0.0        0.0        0.0        4294.000   
3910.938   0.0        8.24000    45.92      0.0        0.0        0.0        0.0        0.0        4284.000   
3910.785   0.0        8.26000    43.95      0.0        0.0        0.0        0.0        0.0        4299.000   
3910.633   0.0        8.16000    46.99      0.0        0.0        0.0        0.0        0.0        4313.000   
3910.480   0.0        8.19000    50.93      0.0        0.0        0.0        0.0        0.0        4313.000   
3910.328   0.0        8.22000    52.00      72.30000   0.0        0.0        0.0        0.0        4304.000   
3910.176   0.0        8.16000    49.89      62.50000   0.0        0.0        0.0        0.0        4309.000   
3910.023   0.0        8.16000    49.89      57.60000   0.0        291.0000   0.0        0.0        4313.000   
3909.871   0.0        8.17000    72.95      57.30000   0.0        291.0000   0.0        0.0        4304.000   
3909.719   0.0        8.56000    109.90     59.00000   0.0        290.0000   0.0        413.0000   4318.000   
3909.566   0.0        10.81000   9.02       63.20000   0.0        293.0000   0.0        413.0000   4343.000   
3909.414   0.0        7.79000    3.06       62.50000   0.0        295.0000   0.0        413.0000   4396.000   
3909.261   0.0        7.52000    2.00       55.40000   0.0        298.0000   0.0        433.0000   4416.000   
3909.109   0.0        7.31000    2.07       50.80000   0.0        323.0000   0.0        425.0000   4401.000   
3908.957   0.0        7.63000    3.43       53.10000   0.0        321.0000   0.0        417.0000   4348.000   
3908.804   0.0        7.92000    8.85       57.70000   0.0        308.0000   400.0000   414.0000   4318.000   
3908.652   0.0        8.23000    29.44      61.40000   0.0        305.0000   400.0000   409.0000   4318.000   
3908.500   0.0        8.36000    8452.79    63.00000   290.0000   305.0000   401.0000   416.0000   4323.000   
3908.347   0.0        8.28000    6309.57    62.50000   290.0000   296.0000   400.0000   422.0000   4343.000   
3908.194   0.0        8.45000    2118.36    61.70000   290.0000   291.0000   412.0000   430.0000   4362.000   
3908.042   0.0        8.40000    42.95      60.90000   286.0000   294.0000   437.0000   427.0000   4372.000   
3907.890   0.0        8.38000    39.99      60.20000   282.0000   296.0000   408.0000   415.0000   4357.000   
3907.737   0.0        8.42000    34.99      60.30000   294.0000   305.0000   410.0000   418.0000   4367.000   
3907.585   0.0        8.41000    34.99      60.80000   299.0000   311.0000   413.0000   420.0000   4372.000   
3907.433   0.0        8.47000    36.98      60.60000   306.0000   316.0000   421.0000   425.0000   4362.000   
3907.280   0.0        8.44000    31.99      59.30000   301.0000   313.0000   428.0000   433.0000   4377.000   
3907.128   0.0        8.45000    26.36      58.30000   300.0000   311.0000   429.0000   439.0000   4377.000   
3906.975   0.0        8.41000    24.43      58.80000   299.0000   311.0000   425.0000   434.0000   4387.000   
3906.823   0.0        8.30000    27.04      60.60000   301.0000   310.0000   422.0000   431.0000   4382.000   
3906.670   0.0        8.36000    6441.69    63.40000   300.0000   311.0000   420.0000   428.0000   4411.000   
3906.518   0.0        8.64000    8892.01    65.39999   299.0000   307.0000   421.0000   429.0000   4435.000   
3906.366   0.0        8.44000    6998.42    66.09999   297.0000   310.0000   425.0000   432.0000   4411.000   
3906.213   0.0        8.53000    20.84      66.20000   301.0000   311.0000   427.0000   435.0000   4392.000   
3906.061   0.0        8.47000    15.42      65.50000   301.0000   312.0000   429.0000   439.0000   4372.000   
3905.909   74.4000    8.47000    13.71      63.80000   304.0000   314.0000   435.0000   445.0000   4392.000   
3905.756   68.9000    8.42000    13.34      61.20000   307.0000   318.0000   439.0000   445.0000   4396.000   
3905.604   60.0000    8.35000    13.90      58.40000   316.0000   328.0000   437.0000   444.0000   4396.000   
3905.451   51.4000    8.29000    16.67      56.50000   326.0000   334.0000   436.0000   444.0000   4387.000   
3905.299   43.7000    8.33000    24.43      56.00000   317.0000   329.0000   440.0000   446.0000   4387.000   
3905.146   35.1000    8.35000    95.94      56.10000   311.0000   324.0000   434.0000   449.0000   4382.000   
3904.994   26.4000    8.38000    189.67     56.20000   306.0000   318.0000   428.0000   440.0000   4377.000   
3904.842   21.1000    8.41000    304.79     56.10000   303.0000   316.0000   423.0000   435.0000   4396.000   
3904.689   19.4000    8.39000    770.90     56.10000   294.0000   307.0000   421.0000   430.0000   4392.000   
3904.537   18.4000    8.40000    1584.89    56.40000   289.0000   302.0000   417.0000   426.0000   4406.000   
3904.385   17.3000    8.42000    1990.67    56.60000   289.0000   299.0000   413.0000   420.0000   4401.000   
3904.232   16.8000    8.42000    1606.94    56.80000   289.0000   298.0000   406.0000   413.0000   4387.000   
3904.080   17.3000    8.37000    776.25     57.10000   289.0000   298.0000   404.0000   411.0000   4357.000   
3903.927   17.8000    8.40000    273.53     57.60000   290.0000   297.0000   403.0000   410.0000   4396.000   
3903.775   17.5000    8.39000    165.96     58.30000   289.0000   297.0000   406.0000   411.0000   4392.000   
3903.623   16.9000    8.30000    101.86     58.80000   290.0000   297.0000   407.0000   410.0000   4392.000   
3903.470   16.5000    8.31000    70.96      59.10000   291.0000   297.0000   407.0000   411.0000   4372.000   
3903.318   16.9000    8.29000    54.95      59.30000   291.0000   296.0000   409.0000   414.0000   4377.000   
3903.166   18.0000    8.24000    40.93      59.10000   293.0000   296.0000   409.0000   414.0000   4362.000   
3903.013   18.8000    8.18000    30.97      58.80000   294.0000   298.0000   409.0000   415.0000   4367.000   
3902.860   18.6000    8.15000    27.99      58.50000   294.0000   299.0000   409.0000   417.0000   4401.000   
3902.708   17.4000    8.19000    30.97      58.50000   293.0000   297.0000   413.0000   418.0000   4416.000   
3902.556   16.3000    8.15000    38.99      58.80000   294.0000   298.0000   413.0000   417.0000   4416.000   
3902.403   15.2000    8.18000    53.95      59.00000   295.0000   299.0000   414.0000   417.0000   4401.000   
3902.251   14.3000    8.23000    66.99      59.00000   295.0000   298.0000   413.0000   417.0000   4396.000   
3902.099   14.2000    8.18000    68.87      58.80000   294.0000   298.0000   413.0000   418.0000   4392.000   
3901.946   15.5000    8.21000    61.94      58.30000   295.0000   300.0000   412.0000   417.0000   4382.000   
3901.794   17.6000    8.23000    55.98      58.00000   293.0000   301.0000   411.0000   417.0000   4392.000   
3901.641   20.5000    8.20000    52.97      58.20000   293.0000   302.0000   411.0000   418.0000   4377.000   
3901.489   23.8000    8.18000    52.97      59.00000   294.0000   302.0000   409.0000   418.0000   4367.000   
3901.336   26.1000    8.25000    52.00      59.90000   294.0000   303.0000   407.0000   417.0000   4372.000   
3901.184   25.1000    8.20000    47.97      60.60000   293.0000   304.0000   412.0000   419.0000   4357.000   
3901.032   21.7000    8.16000    42.95      60.40000   291.0000   304.0000   415.0000   422.0000   4362.000   
3900.879   18.2000    8.17000    44.98      59.20000   294.0000   305.0000   416.0000   424.0000   4362.000   
3900.727   16.5000    8.20000    60.95      58.10000   296.0000   307.0000   417.0000   425.0000   4362.000   
3900.575   17.0000    8.21000    84.92      57.80000   297.0000   310.0000   417.0000   424.0000   4357.000   
3900.422   18.6000    8.20000    103.99     57.90000   299.0000   310.0000   417.0000   424.0000   4377.000   
3900.270   19.5000    8.30000    106.91     58.20000   299.0000   310.0000   417.0000   424.0000   4382.000   
3900.117   19.3000    8.35000    86.90      58.10000   300.0000   309.0000   417.0000   425.0000   4377.000   
3899.965   19.3000    8.49000    54.95      57.90000   298.0000   307.0000   419.0000   425.0000   4411.000   
3899.812   19.6000    8.38000    14.93      57.90000   297.0000   305.0000   422.0000   427.0000   4416.000   
3899.660   18.9000    8.23000    10.99      57.70000   296.0000   306.0000   418.0000   424.0000   4416.000   
3899.508   17.3000    8.16000    10.42      57.50000   296.0000   304.0000   416.0000   422.0000   4411.000   
3899.355   16.5000    8.18000    12.36      58.10000   296.0000   303.0000   415.0000   422.0000   4396.000   
3899.203   17.0000    8.09000    16.41      59.00000   296.0000   303.0000   412.0000   419.0000   4377.000   
3899.050   18.0000    8.13000    22.23      59.40000   295.0000   302.0000   413.0000   418.0000   4357.000   
3898.898   19.1000    8.06000    28.58      59.50000   295.0000   301.0000   414.0000   419.0000   4352.000   
3898.746   19.7000    8.12000    34.51      59.30000   297.0000   302.0000   415.0000   421.0000   4382.000   
3898.593   19.6000    8.17000    47.97      58.60000   297.0000   304.0000   415.0000   421.0000   4416.000   
3898.441   19.4000    8.08000    48.98      58.10000   298.0000   305.0000   416.0000   422.0000   4411.000   
3898.289   20.8000    8.10000    53.95      58.00000   298.0000   305.0000   417.0000   423.0000   4401.000   
3898.136   23.2000    8.13000    68.87      58.40000   300.0000   306.0000   416.0000   422.0000   4406.000   
3897.984   24.1000    8.25000    81.85      59.30000   300.0000   305.0000   416.0000   421.0000   4440.000   
3897.832   22.9000    8.06000    73.96      60.60000   298.0000   303.0000   417.0000   423.0000   4416.000   
3897.679   20.5000    7.90000    26.36      61.90000   297.0000   301.0000   418.0000   424.0000   4382.000   
3897.526   18.6000    7.81000    20.42      63.10000   296.0000   300.0000   418.0000   423.0000   4372.000   
3897.374   17.6000    7.87000    16.14      64.50000   298.0000   303.0000   419.0000   423.0000   4367.000   
3897.222   17.0000    7.68000    11.78      65.89999   298.0000   303.0000   421.0000   424.0000   4377.000   
3897.069   16.7000    7.47000    9.44       66.70000   300.0000   304.0000   428.0000   429.0000   4357.000   
3896.917   16.2000    7.51000    8.79       66.89999   304.0000   309.0000   432.0000   434.0000   4367.000   
3896.765   16.1000    7.48000    9.10       66.30000   311.0000   314.0000   436.0000   438.0000   4362.000   
3896.612   16.6000    7.49000    9.53       65.00000   316.0000   320.0000   441.0000   443.0000   4362.000   
3896.460   17.8000    7.41000    9.73       63.50000   318.0000   322.0000   443.0000   449.0000   4382.000   
3896.307   20.3000    7.38000    10.54      62.10000   320.0000   323.0000   447.0000   452.0000   4416.000   
3896.155   22.6000    7.28000    12.05      61.40000   321.0000   324.0000   449.0000   452.0000   4382.000   
3896.002   23.2000    7.35000    13.90      61.90000   321.0000   324.0000   449.0000   451.0000   4362.000   
3895.850   21.7000    7.48000    13.71      63.10000   320.0000   321.0000   446.0000   448.0000   4357.000   
3895.698   19.2000    7.48000    11.12      64.20000   317.0000   316.0000   444.0000   446.0000   4343.000   
3895.545   17.4000    7.47000    8.63       64.80000   312.0000   313.0000   443.0000   446.0000   4343.000   
3895.393   17.0000    7.41000    7.19       65.00000   309.0000   312.0000   443.0000   445.0000   4343.000   
3895.241   17.7000    7.39000    6.55       65.09999   308.0000   312.0000   440.0000   444.0000   4372.000   
3895.088   18.8000    7.36000    6.18       65.50000   309.0000   313.0000   440.0000   444.0000   4382.000   
3894.936   19.2000    7.39000    5.89       66.09999   310.0000   315.0000   439.0000   444.0000   4357.000   
3894.783   19.3000    7.38000    5.62       66.50000   314.0000   316.0000   440.0000   444.0000   4333.000   
3894.631   19.5000    7.29000    5.38       66.89999   315.0000   319.0000   444.0000   447.0000   4333.000   
3894.479   19.3000    7.31000    5.30       67.30000   318.0000   320.0000   448.0000   452.0000   4328.000   
3894.326   18.7000    7.33000    5.36       67.50000   320.0000   321.0000   451.0000   453.0000   4323.000   
3894.174   18.0000    7.24000    5.47       67.39999   319.0000   323.0000   453.0000   455.0000   4323.000   
3894.021   18.0000    7.26000    5.66       67.00000   321.0000   324.0000   454.0000   457.0000   4318.000   
3893.869   18.4000    7.17000    6.03       66.39999   323.0000   326.0000   454.0000   458.0000   4309.000   
3893.716   18.3000    7.25000    6.67       66.00000   325.0000   328.0000   456.0000   460.0000   4309.000   
3893.564   17.7000    7.28000    7.41       66.20000   325.0000   329.0000   457.0000   461.0000   4304.000   
3893.412   16.9000    7.35000    7.71       66.80000   325.0000   328.0000   456.0000   461.0000   4309.000   
3893.259   16.4000    7.42000    7.36       67.59999   324.0000   327.0000   457.0000   462.0000   4309.000   
3893.107   16.6000    7.52000    6.50       68.30000   323.0000   326.0000   457.0000   461.0000   4313.000   
3892.955   16.9000    7.41000    5.60       69.00000   322.0000   325.0000   459.0000   461.0000   4318.000   
3892.802   17.2000    7.38000    4.98       69.70000   321.0000   324.0000   459.0000   462.0000   4313.000   
3892.650   17.3000    7.23000    4.79       69.59999   322.0000   324.0000   461.0000   464.0000   4309.000   
3892.498   17.5000    7.22000    5.00       68.70000   323.0000   326.0000   462.0000   464.0000   4309.000   
3892.345   17.8000    7.40000    5.32       68.09999   326.0000   329.0000   462.0000   465.0000   4323.000   
3892.192   17.8000    7.34000    5.36       68.09999   328.0000   331.0000   463.0000   466.0000   4309.000   
3892.040   17.3000    7.34000    5.08       68.50000   329.0000   332.0000   463.0000   466.0000   4313.000   
3891.888   17.1000    7.39000    4.79       69.00000   329.0000   332.0000   464.0000   468.0000   4304.000   
3891.735   17.4000    7.32000    4.68       69.20000   329.0000   331.0000   466.0000   468.0000   4304.000   
3891.583   18.1000    7.33000    4.66       69.30000   328.0000   331.0000   466.0000   470.0000   4304.000   
3891.431   18.7000    7.31000    4.66       69.30000   328.0000   330.0000   467.0000   470.0000   4294.000   
3891.278   19.0000    7.37000    4.63       69.20000   327.0000   330.0000   467.0000   470.0000   4304.000   
3891.125   18.8000    7.31000    4.63       69.59999   327.0000   330.0000   467.0000   469.0000   4313.000   
3890.973   17.8000    7.33000    4.63       70.20000   328.0000   331.0000   467.0000   469.0000   4313.000   
3890.821   16.8000    7.15000    4.79       70.39999   330.0000   333.0000   467.0000   470.0000   4313.000   
3890.668   16.5000    7.31000    5.08       70.59999   330.0000   333.0000   470.0000   471.0000   4313.000   
3890.516   16.9000    7.25000    5.32       70.30000   331.0000   334.0000   472.0000   474.0000   4304.000   
3890.364   17.3000    7.22000    5.53       70.00000   332.0000   336.0000   474.0000   475.0000   4289.000   
3890.211   16.8000    7.47000    5.50       70.00000   334.0000   335.0000   474.0000   476.0000   4279.000   
3890.059   16.6000    7.38000    5.21       70.00000   333.0000   335.0000   473.0000   476.0000   4294.000   
3889.907   17.7000    7.34000    4.79       70.00000   334.0000   336.0000   474.0000   476.0000   4323.000   
3889.754   19.0000    7.37000    4.45       70.00000   334.0000   336.0000   474.0000   477.0000   4348.000   
3889.602   18.8000    7.38000    4.36       70.00000   333.0000   337.0000   475.0000   477.0000   4309.000   
3889.449   17.3000    7.26000    4.38       70.09999   334.0000   336.0000   476.0000   478.0000   4294.000   
3889.297   16.5000    7.31000    4.45       70.20000   334.0000   336.0000   476.0000   477.0000   4274.000   
3889.145   16.9000    7.32000    4.55       69.89999   333.0000   335.0000   475.0000   477.0000   4265.000   
3888.992   17.6000    7.28000    4.66       69.39999   333.0000   336.0000   475.0000   477.0000   4260.000   
3888.840   18.2000    7.32000    4.74       69.09999   334.0000   337.0000   474.0000   476.0000   4274.000   
3888.688   18.4000    7.29000    4.81       68.80000   333.0000   336.0000   475.0000   477.0000   4294.000   
3888.535   18.4000    7.32000    4.95       68.59999   334.0000   337.0000   475.0000   475.0000   4299.000   
3888.382   18.4000    7.30000    5.06       68.59999   333.0000   336.0000   474.0000   474.0000   4274.000   
3888.230   18.7000    7.28000    5.16       68.70000   332.0000   335.0000   472.0000   473.0000   4265.000   
3888.078   18.9000    7.28000    5.27       68.89999   331.0000   334.0000   471.0000   473.0000   4270.000   
3887.925   18.5000    7.36000    5.36       69.20000   329.0000   332.0000   470.0000   472.0000   4265.000   
3887.773   18.2000    7.40000    5.30       69.70000   328.0000   331.0000   469.0000   471.0000   4274.000   
3887.621   18.3000    7.44000    5.00       70.00000   327.0000   330.0000   468.0000   470.0000   4270.000   
3887.468   18.5000    7.34000    4.70       70.09999   327.0000   331.0000   467.0000   470.0000   4250.000   
3887.316   18.0000    7.17000    4.68       70.00000   327.0000   331.0000   468.0000   470.0000   4250.000   
3887.163   17.4000    7.18000    5.08       69.70000   328.0000   331.0000   468.0000   470.0000   4245.000   
3887.011   18.4000    7.07000    5.96       69.00000   328.0000   332.0000   469.0000   471.0000   4240.000   
3886.858   20.6000    7.27000    7.14       68.20000   329.0000   332.0000   468.0000   471.0000   4260.000   
3886.706   21.9000    7.15000    8.15       67.20000   330.0000   333.0000   469.0000   472.0000   4250.000   
3886.554   21.4000    7.18000    8.85       66.20000   330.0000   333.0000   468.0000   470.0000   4270.000   
3886.401   20.5000    7.32000    9.62       65.39999   330.0000   333.0000   468.0000   469.0000   4260.000   
3886.249   20.8000    7.29000    10.00      65.09999   328.0000   330.0000   466.0000   466.0000   4270.000   
3886.097   21.5000    7.35000    9.73       65.20000   327.0000   330.0000   462.0000   464.0000   4255.000   
3885.944   21.6000    7.45000    8.79       65.70000   324.0000   326.0000   460.0000   460.0000   4255.000   
3885.792   20.8000    7.31000    8.02       66.09999   320.0000   323.0000   457.0000   459.0000   4260.000   
3885.639   19.5000    7.32000    7.64       66.20000   318.0000   321.0000   456.0000   457.0000   4270.000   
3885.487   18.4000    7.34000    7.64       66.09999   317.0000   320.0000   454.0000   455.0000   4255.000   
3885.334   17.5000    7.32000    7.94       66.00000   317.0000   320.0000   452.0000   452.0000   4255.000   
3885.182   17.3000    7.35000    8.07       66.00000   316.0000   319.0000   451.0000   452.0000   4250.000   
3885.030   17.4000    7.37000    7.94       66.00000   316.0000   321.0000   449.0000   452.0000   4260.000   
3884.877   16.9000    7.31000    7.82       65.89999   317.0000   321.0000   448.0000   451.0000   4289.000   
3884.725   16.4000    7.28000    7.94       65.70000   316.0000   321.0000   449.0000   451.0000   4284.000   
3884.573   16.4000    7.21000    8.63       65.30000   317.0000   321.0000   451.0000   452.0000   4279.000   
3884.420   16.3000    7.29000    10.00      65.00000   316.0000   320.0000   450.0000   453.0000   4245.000   
3884.268   15.6000    7.35000    11.12      65.20000   315.0000   319.0000   448.0000   451.0000   4226.000   
3884.115   15.1000    7.40000    10.89      65.70000   316.0000   318.0000   448.0000   449.0000   4221.000   
3883.963   15.6000    7.30000    10.00      66.00000   313.0000   317.0000   447.0000   448.0000   4240.000   
3883.811   16.9000    7.37000    9.44       65.80000   312.0000   316.0000   447.0000   448.0000   4240.000   
3883.658   18.1000    7.35000    9.35       65.70000   312.0000   316.0000   446.0000   448.0000   4240.000   
3883.506   19.3000    7.38000    9.44       66.09999   312.0000   316.0000   446.0000   447.0000   4250.000   
3883.354   19.9000    7.33000    9.27       66.80000   312.0000   316.0000   446.0000   447.0000   4235.000   
3883.201   19.5000    7.49000    8.93       67.20000   312.0000   316.0000   445.0000   447.0000   4235.000   
3883.048   18.5000    7.44000    8.20       67.20000   313.0000   317.0000   446.0000   449.0000   4235.000   
3882.896   17.5000    7.07000    7.89       67.39999   314.0000   319.0000   449.0000   451.0000   4230.000   
3882.744   17.4000    7.42000    8.41       67.80000   314.0000   320.0000   452.0000   454.0000   4250.000   
3882.591   18.0000    7.53000    8.93       68.20000   317.0000   321.0000   451.0000   452.0000   4255.000   
3882.439   18.8000    7.48000    8.20       68.50000   317.0000   322.0000   454.0000   455.0000   4240.000   
3882.287   18.9000    7.42000    6.90       68.09999   318.0000   321.0000   455.0000   457.0000   4235.000   
3882.134   17.9000    7.39000    6.25       67.59999   321.0000   325.0000   457.0000   458.0000   4216.000   
3881.982   16.3000    7.38000    6.34       67.39999   323.0000   326.0000   458.0000   459.0000   4211.000   
3881.829   15.0000    7.40000    6.59       67.09999   323.0000   325.0000   460.0000   461.0000   4226.000   
3881.677   14.5000    7.35000    6.81       66.89999   321.0000   326.0000   459.0000   461.0000   4230.000   
3881.524   15.1000    7.32000    7.00       66.80000   324.0000   327.0000   458.0000   460.0000   4235.000   
3881.372   15.9000    7.37000    7.26       66.89999   324.0000   326.0000   458.0000   459.0000   4240.000   
3881.220   16.8000    7.40000    7.46       67.20000   321.0000   324.0000   459.0000   460.0000   4230.000   
3881.067   17.6000    7.37000    7.46       67.59999   320.0000   323.0000   457.0000   459.0000   4226.000   
3880.915   18.4000    7.37000    7.36       67.39999   319.0000   322.0000   456.0000   458.0000   4216.000   
3880.763   19.1000    7.44000    7.26       67.09999   319.0000   322.0000   456.0000   457.0000   4211.000   
3880.610   19.0000    7.44000    7.00       67.09999   318.0000   321.0000   456.0000   457.0000   4216.000   
3880.458   18.3000    7.49000    6.59       67.00000   319.0000   321.0000   455.0000   456.0000   4211.000   
3880.305   17.6000    7.49000    6.07       67.30000   320.0000   322.0000   456.0000   457.0000   4206.000   
3880.153   17.0000    7.50000    5.62       68.09999   319.0000   321.0000   457.0000   457.0000   4201.000   
3880.000   16.6000    7.52000    5.30       68.70000   321.0000   323.0000   456.0000   457.0000   4255.000   
3879.848   15.8000    7.44000    5.06       69.09999   321.0000   323.0000   457.0000   457.0000   4299.000   
3879.696   15.7000    7.30000    4.93       69.50000   320.0000   323.0000   460.0000   461.0000   4250.000   
3879.543   17.2000    7.38000    4.95       69.89999   321.0000   323.0000   462.0000   462.0000   4221.000   
3879.391   19.4000    7.44000    5.11       70.00000   323.0000   324.0000   462.0000   462.0000   4187.000   
3879.238   20.1000    7.44000    5.19       70.00000   326.0000   327.0000   463.0000   463.0000   4187.000   
3879.086   18.5000    7.44000    5.21       69.80000   327.0000   330.0000   465.0000   465.0000   4191.000   
3878.934   17.1000    7.44000    5.24       69.50000   328.0000   331.0000   467.0000   468.0000   4206.000   
3878.781   17.1000    7.47000    5.38       68.80000   329.0000   333.0000   469.0000   471.0000   4201.000   
3878.629   17.7000    7.51000    5.53       68.09999   332.0000   335.0000   471.0000   471.0000   4182.000   
3878.477   17.5000    7.52000    5.56       67.59999   333.0000   336.0000   470.0000   471.0000   4177.000   
3878.324   17.3000    7.39000    5.56       67.30000   333.0000   335.0000   470.0000   472.0000   4172.000   
3878.172   18.2000    7.31000    5.86       67.20000   333.0000   334.0000   470.0000   471.0000   4172.000   
3878.020   19.6000    7.36000    6.76       67.50000   331.0000   332.0000   469.0000   470.0000   4191.000   
3877.867   19.9000    7.44000    7.94       67.80000   329.0000   331.0000   468.0000   469.0000   4201.000   
3877.714   19.5000    7.52000    8.71       67.89999   327.0000   330.0000   465.0000   467.0000   4221.000   
3877.562   18.9000    7.51000    8.41       67.59999   327.0000   331.0000   464.0000   466.0000   4206.000   
3877.410   18.5000    7.36000    8.15       67.00000   324.0000   328.0000   463.0000   466.0000   4187.000   
3877.257   18.3000    7.45000    8.49       66.20000   323.0000   326.0000   464.0000   467.0000   4191.000   
3877.105   18.2000    7.48000    9.18       65.70000   324.0000   326.0000   460.0000   462.0000   4172.000   
3876.953   17.9000    7.53000    9.73       65.70000   325.0000   328.0000   457.0000   460.0000   4172.000   
3876.800   17.2000    7.44000    9.73       65.89999   323.0000   326.0000   456.0000   458.0000   4177.000   
3876.648   16.6000    7.47000    10.00      66.00000   321.0000   324.0000   456.0000   459.0000   4182.000   
3876.495   16.8000    7.44000    10.99      65.89999   320.0000   323.0000   457.0000   457.0000   4191.000   
3876.343   17.5000    7.44000    12.36      65.70000   320.0000   323.0000   455.0000   456.0000   4191.000   
3876.190   18.2000    7.64000    13.00      65.59999   319.0000   322.0000   453.0000   455.0000   4191.000   
3876.038   18.6000    7.51000    12.68      65.20000   318.0000   320.0000   452.0000   454.0000   4187.000   
3875.886   18.7000    7.65000    11.78      64.70000   316.0000   320.0000   452.0000   455.0000   4187.000   
3875.733   19.3000    7.51000    11.38      64.00000   316.0000   320.0000   451.0000   452.0000   4196.000   
3875.581   19.8000    7.50000    12.05      63.20000   319.0000   322.0000   450.0000   452.0000   4196.000   
3875.429   19.4000    7.53000    13.90      63.00000   319.0000   321.0000   448.0000   450.0000   4182.000   
3875.276   19.0000    7.61000    17.58      62.90000   317.0000   319.0000   448.0000   450.0000   4167.000   
3875.124   19.6000    7.61000    21.28      62.80000   314.0000   318.0000   446.0000   446.0000   4167.000   
3874.971   20.6000    7.65000    22.75      62.90000   313.0000   317.0000   442.0000   444.0000   4187.000   
3874.819   20.6000    7.63000    22.23      63.00000   312.0000   317.0000   440.0000   443.0000   4221.000   
3874.667   19.6000    7.68000    21.78      62.90000   310.0000   316.0000   441.0000   444.0000   4196.000   
3874.514   18.6000    7.65000    21.28      62.80000   310.0000   314.0000   440.0000   444.0000   4191.000   
3874.362   17.7000    7.68000    20.84      63.00000   312.0000   316.0000   437.0000   443.0000   4172.000   
3874.209   17.3000    7.65000    19.63      63.50000   308.0000   313.0000   436.0000   440.0000   4148.000   
3874.057   17.5000    7.68000    19.23      63.90001   308.0000   314.0000   436.0000   441.0000   4157.000   
3873.904   18.0000    7.70000    18.88      63.80000   307.0000   312.0000   435.0000   440.0000   4162.000   
3873.752   18.2000    7.71000    17.86      63.60001   307.0000   314.0000   435.0000   440.0000   4167.000   
3873.600   18.2000    7.75000    16.67      63.80000   309.0000   315.0000   436.0000   441.0000   4172.000   
3873.447   17.9000    7.79000    15.42      64.20000   308.0000   315.0000   435.0000   441.0000   4172.000   
3873.295   17.1000    7.87000    13.52      64.70000   309.0000   316.0000   435.0000   442.0000   4167.000   
3873.143   16.7000    7.74000    11.78      64.70000   309.0000   315.0000   437.0000   444.0000   4162.000   
3872.990   17.1000    7.71000    11.38      64.20000   309.0000   317.0000   441.0000   446.0000   4162.000   
3872.838   17.7000    7.75000    12.22      64.00000   310.0000   317.0000   441.0000   445.0000   4172.000   
3872.686   17.9000    7.78000    13.71      64.00000   311.0000   318.0000   440.0000   445.0000   4177.000   
3872.533   17.6000    7.87000    13.52      64.30000   311.0000   317.0000   441.0000   446.0000   4162.000   
3872.380   17.5000    7.80000    12.05      64.39999   311.0000   317.0000   440.0000   446.0000   4157.000   
3872.228   17.3000    7.77000    11.12      63.80000   312.0000   319.0000   441.0000   446.0000   4152.000   
3872.076   16.5000    7.70000    11.51      62.70000   312.0000   319.0000   441.0000   447.0000   4152.000   
3871.923   15.8000    7.75000    13.52      61.60000   311.0000   319.0000   442.0000   448.0000   4152.000   
3871.771   16.3000    7.83000    16.98      60.50000   311.0000   320.0000   440.0000   447.0000   4157.000   
3871.619   19.6000    7.75000    20.04      59.80000   311.0000   320.0000   437.0000   444.0000   4157.000   
3871.466   28.4000    7.72000    22.75      60.10000   310.0000   320.0000   436.0000   443.0000   4143.000   
3871.314   45.3000    8.35000    25.64      61.00000   308.0000   318.0000   437.0000   442.0000   4148.000   
3871.161   66.7000    8.44000    25.64      62.30000   307.0000   317.0000   434.0000   441.0000   4162.000   
3871.009   84.3000    8.44000    21.78      63.60001   306.0000   315.0000   433.0000   440.0000   4191.000   
3870.856   92.3000    8.48000    18.88      64.20000   303.0000   312.0000   434.0000   441.0000   4177.000   
3870.704   91.9000    8.51000    18.54      63.90001   302.0000   313.0000   434.0000   441.0000   4157.000   
3870.552   87.9000    8.46000    19.63      63.10000   305.0000   316.0000   435.0000   440.0000   4133.000   
3870.399   83.8000    8.51000    21.78      62.60000   308.0000   318.0000   435.0000   442.0000   4138.000   
3870.247   80.5000    8.57000    23.82      62.30000   311.0000   319.0000   436.0000   443.0000   4143.000   
3870.095   78.7000    8.52000    23.82      62.40000   314.0000   324.0000   438.0000   444.0000   4148.000   
3869.942   80.9000    8.54000    24.43      63.10000   317.0000   325.0000   441.0000   445.0000   4152.000   
3869.790   88.4000    8.70000    24.43      64.30000   317.0000   325.0000   442.0000   450.0000   4172.000   
3869.637   96.7000    8.67000    21.78      65.50000   316.0000   323.0000   447.0000   451.0000   4201.000   
3869.485   99.5000    8.67000    17.86      65.70000   316.0000   323.0000   451.0000   454.0000   4211.000   
3869.333   97.7000    8.62000    15.42      64.59999   316.0000   321.0000   453.0000   455.0000   4157.000   
3869.180   95.3000    8.57000    16.14      63.50000   321.0000   325.0000   453.0000   456.0000   4138.000   
3869.028   92.8000    8.61000    19.23      63.10000   325.0000   329.0000   450.0000   453.0000   4118.000   
3868.875   88.5000    8.66000    23.28      63.10000   326.0000   328.0000   452.0000   454.0000   4128.000   
3868.723   84.1000    8.67000    25.64      63.00000   324.0000   327.0000   453.0000   454.0000   4143.000   
3868.570   83.0000    8.66000    25.64      62.90000   326.0000   330.0000   452.0000   453.0000   4157.000   
3868.418   84.4000    8.69000    25.00      62.70000   328.0000   329.0000   452.0000   454.0000   4162.000   
3868.266   85.1000    8.70000    24.43      62.60000   325.0000   325.0000   453.0000   456.0000   4148.000   
3868.113   84.1000    8.69000    25.00      62.60000   323.0000   322.0000   455.0000   456.0000   4143.000   
3867.961   83.8000    8.73000    25.00      62.70000   320.0000   323.0000   452.0000   452.0000   4152.000   
3867.809   86.2000    8.80000    25.00      63.00000   322.0000   324.0000   447.0000   448.0000   4157.000   
3867.656   89.6000    8.77000    24.43      63.30000   320.0000   322.0000   449.0000   450.0000   4157.000   
3867.504   90.9000    8.79000    22.75      63.70000   321.0000   323.0000   448.0000   449.0000   4148.000   
3867.352   90.9000    8.76000    22.23      63.90001   321.0000   322.0000   448.0000   449.0000   4143.000   
3867.199   91.4000    8.77000    22.23      64.00000   321.0000   322.0000   450.0000   450.0000   4152.000   
3867.046   91.9000    8.81000    22.23      64.00000   322.0000   323.0000   450.0000   450.0000   4162.000   
3866.894   91.1000    8.80000    21.78      64.09999   322.0000   325.0000   450.0000   452.0000   4172.000   
3866.742   90.2000    8.78000    21.28      64.39999   323.0000   325.0000   451.0000   453.0000   4167.000   
3866.589   92.1000    8.81000    20.84      64.70000   325.0000   326.0000   452.0000   453.0000   4172.000   
3866.437   95.7000    8.84000    20.84      64.89999   325.0000   326.0000   453.0000   455.0000   4172.000   
3866.285   97.6000    8.83000    20.84      65.00000   326.0000   326.0000   455.0000   456.0000   4162.000   
3866.132   96.3000    8.81000    20.04      65.00000   326.0000   326.0000   456.0000   456.0000   4167.000   
3865.979   93.3000    8.83000    20.04      65.00000   326.0000   328.0000   456.0000   456.0000   4172.000   
3865.827   91.1000    8.86000    20.04      64.89999   327.0000   329.0000   457.0000   457.0000   4177.000   
3865.675   90.1000    8.83000    20.04      64.59999   327.0000   329.0000   457.0000   459.0000   4177.000   
3865.522   89.7000    8.86000    19.63      64.50000   328.0000   328.0000   458.0000   458.0000   4172.000   
3865.370   89.0000    8.89000    19.23      64.50000   328.0000   328.0000   458.0000   459.0000   4172.000   
3865.218   88.3000    8.87000    19.23      64.30000   328.0000   328.0000   459.0000   458.0000   4157.000   
3865.065   88.6000    8.90000    19.23      64.09999   328.0000   327.0000   458.0000   458.0000   4157.000   
3864.913   89.0000    8.94000    19.23      64.00000   328.0000   327.0000   459.0000   457.0000   4143.000   
3864.761   88.4000    8.99000    19.23      64.09999   328.0000   327.0000   459.0000   457.0000   4123.000   
3864.608   86.9000    8.97000    19.23      64.00000   329.0000   327.0000   458.0000   457.0000   4128.000   
3864.456   85.6000    8.97000    19.63      64.00000   329.0000   327.0000   458.0000   456.0000   4128.000   
3864.303   85.6000    8.99000    20.42      64.00000   327.0000   327.0000   458.0000   457.0000   4143.000   
3864.151   86.7000    9.00000    21.28      64.09999   328.0000   327.0000   458.0000   457.0000   4138.000   
3863.999   89.0000    9.00000    21.28      64.20000   329.0000   327.0000   458.0000   456.0000   4157.000   
3863.846   91.0000    8.98000    20.42      64.20000   328.0000   326.0000   458.0000   456.0000   4152.000   
3863.694   90.5000    9.01000    20.42      64.00000   328.0000   326.0000   457.0000   456.0000   4162.000   
3863.542   88.0000    8.99000    20.84      64.00000   327.0000   326.0000   457.0000   455.0000   4162.000   
3863.389   86.3000    8.98000    21.28      63.80000   328.0000   325.0000   457.0000   455.0000   4157.000   
3863.236   86.3000    8.99000    21.78      63.70000   328.0000   325.0000   457.0000   455.0000   4157.000   
3863.084   86.5000    9.00000    22.23      63.70000   328.0000   325.0000   456.0000   455.0000   4162.000   
3862.932   86.0000    8.98000    22.75      63.60001   327.0000   325.0000   456.0000   454.0000   4157.000   
3862.779   86.3000    8.98000    23.82      63.40000   327.0000   324.0000   456.0000   453.0000   4167.000   
3862.627   89.2000    8.99000    23.82      63.30000   327.0000   324.0000   455.0000   453.0000   4162.000   
3862.475   93.0000    8.99000    23.82      63.20000   326.0000   323.0000   454.0000   452.0000   4162.000   
3862.322   94.7000    8.97000    24.43      63.00000   325.0000   323.0000   454.0000   452.0000   4167.000   
3862.170   93.7000    8.99000    25.00      63.00000   325.0000   323.0000   453.0000   451.0000   4177.000   
3862.017   92.2000    9.01000    25.64      63.00000   325.0000   322.0000   453.0000   450.0000   4187.000   
3861.865   92.0000    8.98000    25.64      63.00000   325.0000   321.0000   453.0000   449.0000   4182.000   
3861.712   91.8000    8.99000    25.64      63.00000   325.0000   321.0000   452.0000   449.0000   4177.000   
3861.560   90.7000    9.00000    25.64      62.90000   324.0000   321.0000   451.0000   448.0000   4172.000   
3861.408   88.9000    8.98000    26.36      62.50000   323.0000   321.0000   451.0000   448.0000   4187.000   
3861.255   86.3000    9.01000    27.04      62.00000   324.0000   320.0000   451.0000   448.0000   4196.000   
3861.103   84.0000    8.93000    27.80      61.50000   323.0000   320.0000   451.0000   447.0000   4177.000   
3860.951   82.9000    8.96000    31.26      61.00000   323.0000   319.0000   449.0000   445.0000   4162.000   
3860.798   83.4000    8.97000    39.99      60.70000   323.0000   318.0000   448.0000   444.0000   4162.000   
3860.646   84.4000    8.97000    42.95      60.90000   322.0000   318.0000   446.0000   442.0000   4162.000   
3860.493   85.3000    8.97000    40.93      61.20000   320.0000   316.0000   445.0000   441.0000   4162.000   
3860.341   86.9000    9.00000    36.98      61.10000   319.0000   314.0000   444.0000   440.0000   4162.000   
3860.188   88.2000    8.96000    34.99      61.00000   318.0000   312.0000   443.0000   438.0000   4167.000   
3860.036   88.9000    8.98000    33.96      61.00000   317.0000   311.0000   441.0000   437.0000   4167.000   
3859.884   89.3000    9.00000    33.96      61.00000   316.0000   310.0000   441.0000   435.0000   4177.000   
3859.731   88.7000    8.98000    33.96      61.00000   316.0000   310.0000   440.0000   433.0000   4182.000   
3859.579   87.0000    8.96000    33.96      61.00000   316.0000   309.0000   438.0000   433.0000   4177.000   
3859.427   85.9000    8.97000    34.99      61.00000   316.0000   309.0000   438.0000   432.0000   4177.000   
3859.274   87.0000    8.99000    34.99      61.00000   316.0000   308.0000   439.0000   432.0000   4172.000   
3859.122   89.0000    8.99000    34.99      61.20000   315.0000   308.0000   438.0000   432.0000   4172.000   
3858.969   89.4000    8.96000    34.99      61.30000   315.0000   308.0000   438.0000   431.0000   4172.000   
3858.817   88.5000    8.98000    35.97      61.20000   315.0000   308.0000   438.0000   431.0000   4167.000   
3858.665   88.8000    8.98000    36.98      61.20000   315.0000   308.0000   438.0000   432.0000   4167.000   
3858.512   90.0000    8.94000    37.93      61.10000   315.0000   308.0000   438.0000   432.0000   4172.000   
3858.360   90.1000    8.99000    38.99      61.10000   315.0000   308.0000   437.0000   431.0000   4167.000   
3858.208   89.7000    8.95000    39.99      61.00000   316.0000   308.0000   438.0000   432.0000   4172.000   
3858.055   90.6000    8.98000    39.99      61.00000   314.0000   308.0000   438.0000   432.0000   4167.000   
3857.902   93.6000    8.97000    39.99      61.00000   315.0000   309.0000   437.0000   433.0000   4172.000   
3857.750   95.8000    8.93000    41.98      61.00000   315.0000   309.0000   436.0000   432.0000   4182.000   
3857.598   95.9000    8.93000    49.89      61.00000   314.0000   309.0000   437.0000   432.0000   4182.000   
3857.445   94.8000    8.95000    58.88      61.00000   314.0000   308.0000   437.0000   432.0000   4187.000   
3857.293   93.4000    8.93000    66.99      61.00000   314.0000   308.0000   437.0000   432.0000   4187.000   
3857.141   91.8000    8.95000    72.95      60.80000   314.0000   308.0000   436.0000   431.0000   4187.000   
3856.988   89.6000    8.97000    71.94      60.50000   314.0000   308.0000   437.0000   431.0000   4177.000   
3856.836   88.3000    8.97000    63.97      60.30000   314.0000   308.0000   437.0000   431.0000   4172.000   
3856.683   88.2000    8.96000    55.98      60.20000   314.0000   307.0000   436.0000   430.0000   4196.000   
3856.531   88.4000    8.97000    52.97      60.10000   314.0000   307.0000   435.0000   429.0000   4196.000   
3856.378   88.4000    8.95000    52.00      60.30000   313.0000   307.0000   435.0000   430.0000   4182.000   
3856.226   89.2000    8.94000    49.89      60.40000   312.0000   307.0000   435.0000   430.0000   4177.000   
3856.074   91.2000    8.95000    48.98      60.30000   312.0000   305.0000   434.0000   428.0000   4162.000   
3855.921   92.2000    8.93000    49.89      60.40000   313.0000   305.0000   434.0000   428.0000   4162.000   
3855.769   91.4000    8.93000    49.89      60.70000   312.0000   305.0000   433.0000   428.0000   4167.000   
3855.617   90.6000    8.95000    48.98      60.90000   311.0000   304.0000   433.0000   427.0000   4167.000   
3855.464   92.2000    8.91000    47.97      61.00000   311.0000   304.0000   433.0000   427.0000   4177.000   
3855.312   95.8000    8.94000    47.97      61.10000   311.0000   304.0000   433.0000   427.0000   4177.000   
3855.159   98.1000    8.95000    46.99      60.90000   312.0000   305.0000   433.0000   427.0000   4167.000   
3855.007   97.4000    8.90000    47.97      60.50000   312.0000   305.0000   434.0000   428.0000   4177.000   
3854.854   93.9000    8.99000    48.98      60.10000   312.0000   306.0000   433.0000   428.0000   4167.000   
3854.702   89.8000    8.87000    55.98      60.00000   313.0000   307.0000   434.0000   430.0000   4182.000   
3854.550   87.8000    8.92000    69.98      59.90000   312.0000   307.0000   434.0000   428.0000   4172.000   
3854.397   88.6000    8.91000    77.98      59.80000   313.0000   309.0000   433.0000   428.0000   4162.000   
3854.245   91.3000    8.91000    72.95      59.90000   312.0000   307.0000   433.0000   428.0000   4182.000   
3854.092   94.0000    8.93000    57.94      60.10000   311.0000   306.0000   433.0000   429.0000   4196.000   
3853.940   95.5000    8.91000    48.98      60.40000   311.0000   306.0000   432.0000   427.0000   4201.000   
3853.788   96.0000    8.91000    47.97      60.80000   309.0000   305.0000   432.0000   427.0000   4191.000   
3853.635   96.7000    8.94000    45.92      61.00000   311.0000   306.0000   431.0000   428.0000   4177.000   
3853.483   99.1000    8.91000    44.98      61.00000   309.0000   305.0000   431.0000   427.0000   4172.000   
3853.331   103.6000   8.92000    43.95      61.40000   311.0000   306.0000   432.0000   428.0000   4162.000   
3853.178   107.1000   8.97000    42.95      62.20000   311.0000   306.0000   431.0000   428.0000   4177.000   
3853.026   105.0000   8.92000    38.99      61.90000   312.0000   307.0000   434.0000   430.0000   4187.000   
3852.874   97.3000    9.07000    32.96      60.90000   312.0000   308.0000   436.0000   432.0000   4201.000   
3852.721   87.6000    8.84000    25.00      59.70000   314.0000   310.0000   438.0000   435.0000   4216.000   
3852.568   80.2000    8.84000    25.64      58.30000   315.0000   311.0000   436.0000   433.0000   4187.000   
3852.416   73.8000    8.90000    34.51      57.00000   318.0000   315.0000   436.0000   431.0000   4172.000   
3852.264   66.5000    8.86000    81.85      56.10000   315.0000   311.0000   434.0000   431.0000   4157.000   
3852.111   59.7000    8.84000    2177.71    55.50000   314.0000   310.0000   432.0000   429.0000   4152.000   
3851.959   55.9000    8.90000    6353.31    55.10000   313.0000   309.0000   429.0000   425.0000   4157.000   
3851.807   55.2000    8.90000    8452.79    54.90000   310.0000   308.0000   425.0000   421.0000   4162.000   
3851.654   53.6000    8.89000    6397.35    55.20000   307.0000   306.0000   423.0000   421.0000   4162.000   
3851.502   50.7000    8.91000    2264.64    55.70000   301.0000   299.0000   420.0000   417.0000   4162.000   
3851.349   48.8000    8.93000    188.80     55.90000   299.0000   297.0000   419.0000   417.0000   4162.000   
3851.197   48.1000    8.92000    165.96     56.00000   298.0000   294.0000   413.0000   413.0000   4162.000   
3851.044   46.0000    8.91000    143.88     55.70000   296.0000   293.0000   411.0000   409.0000   4157.000   
3850.892   41.4000    8.91000    168.66     55.00000   296.0000   292.0000   411.0000   409.0000   4162.000   
3850.740   37.4000    8.89000    2312.06    54.30000   298.0000   294.0000   410.0000   406.0000   4162.000   
3850.587   36.0000    8.88000    8550.67    53.80000   298.0000   295.0000   407.0000   404.0000   4167.000   
3850.435   36.7000    8.91000    15135.61   53.90000   298.0000   294.0000   408.0000   404.0000   4162.000   
3850.283   38.5000    8.90000    15958.79   54.00000   297.0000   293.0000   407.0000   404.0000   4172.000   
3850.130   40.7000    8.88000    10471.29   54.00000   297.0000   292.0000   407.0000   403.0000   4177.000   
3849.978   42.5000    8.91000    4325.14    54.00000   296.0000   290.0000   405.0000   402.0000   4172.000   
3849.825   43.3000    8.88000    3689.77    54.00000   294.0000   289.0000   405.0000   401.0000   4162.000   
3849.673   44.5000    8.91000    7144.96    54.30000   293.0000   289.0000   404.0000   399.0000   4172.000   
3849.521   50.3000    8.89000    8790.22    55.20000   292.0000   288.0000   403.0000   398.0000   4191.000   
3849.368   62.5000    8.93000    6471.43    56.50000   292.0000   288.0000   401.0000   398.0000   4187.000   
3849.216   77.5000    8.96000    2259.44    58.10000   292.0000   288.0000   402.0000   398.0000   4172.000   
3849.063   89.6000    8.93000    131.83     59.70000   294.0000   288.0000   403.0000   399.0000   4148.000   
3848.911   97.7000    9.00000    75.86      61.30000   293.0000   289.0000   407.0000   403.0000   4148.000   
3848.758   104.7000   8.97000    43.95      63.40000   294.0000   289.0000   411.0000   406.0000   4167.000   
3848.606   110.8000   9.06000    25.64      65.30000   297.0000   292.0000   415.0000   411.0000   4187.000   
3848.454   113.4000   8.97000    18.88      65.89999   303.0000   295.0000   421.0000   415.0000   4201.000   
3848.301   111.4000   8.91000    16.41      65.39999   307.0000   301.0000   429.0000   422.0000   4216.000   
3848.149   108.0000   8.84000    16.98      64.30000   313.0000   307.0000   434.0000   428.0000   4182.000   
3847.997   105.4000   8.89000    20.42      63.30000   320.0000   317.0000   439.0000   434.0000   4177.000   
3847.844   102.4000   8.89000    25.00      62.80000   324.0000   317.0000   442.0000   438.0000   4172.000   
3847.692   97.7000    8.80000    28.58      62.10000   324.0000   319.0000   447.0000   443.0000   4157.000   
3847.540   92.3000    8.80000    33.34      61.10000   324.0000   319.0000   449.0000   444.0000   4157.000   
3847.387   87.6000    8.86000    52.97      60.20000   325.0000   321.0000   450.0000   445.0000   4157.000   
3847.234   84.2000    8.83000    64.86      59.80000   326.0000   322.0000   448.0000   444.0000   4148.000   
3847.082   82.9000    8.83000    70.96      59.70000   322.0000   314.0000   447.0000   443.0000   4138.000   
3846.930   84.2000    8.87000    74.99      59.90000   316.0000   311.0000   445.0000   443.0000   4138.000   
3846.777   85.7000    8.86000    77.98      60.10000   314.0000   309.0000   439.0000   434.0000   4138.000   
3846.625   86.6000    8.87000    75.86      60.70000   312.0000   308.0000   436.0000   431.0000   4143.000   
3846.473   89.7000    8.92000    65.92      61.60000   310.0000   306.0000   435.0000   430.0000   4157.000   
3846.320   96.4000    8.87000    52.00      62.80000   309.0000   305.0000   433.0000   429.0000   4172.000   
3846.167   104.1000   8.94000    40.93      64.09999   309.0000   306.0000   432.0000   430.0000   4177.000   
3846.015   109.0000   8.96000    31.99      65.39999   309.0000   306.0000   433.0000   431.0000   4191.000   
3845.863   110.2000   8.92000    23.82      66.00000   311.0000   308.0000   437.0000   435.0000   4187.000   
3845.710   108.2000   8.97000    20.04      65.70000   313.0000   310.0000   441.0000   438.0000   4216.000   
3845.558   104.2000   8.87000    17.86      64.89999   317.0000   315.0000   445.0000   442.0000   4196.000   
3845.406   100.5000   8.86000    18.20      63.90001   321.0000   318.0000   446.0000   444.0000   4172.000   
3845.253   98.7000    8.83000    20.42      63.20000   325.0000   322.0000   447.0000   446.0000   4162.000   
3845.101   97.9000    8.87000    25.64      62.90000   326.0000   323.0000   450.0000   447.0000   4177.000   
3844.949   97.3000    8.86000    32.28      62.80000   326.0000   324.0000   451.0000   449.0000   4167.000   
3844.796   97.1000    8.83000    35.73      62.50000   326.0000   325.0000   452.0000   450.0000   4167.000   
3844.644   96.2000    8.88000    35.73      62.20000   326.0000   323.0000   451.0000   451.0000   4162.000   
3844.491   94.8000    8.89000    35.73      61.90000   323.0000   322.0000   452.0000   450.0000   4162.000   
3844.339   92.8000    8.83000    35.97      61.40000   320.0000   318.0000   450.0000   448.0000   4148.000   
3844.187   89.7000    8.83000    39.99      60.50000   318.0000   316.0000   447.0000   447.0000   4143.000   
3844.034   86.3000    8.84000    50.93      59.90000   318.0000   316.0000   443.0000   443.0000   4152.000   
3843.882   85.1000    8.83000    63.97      59.90000   316.0000   316.0000   440.0000   440.0000   4157.000   
3843.729   86.8000    8.90000    69.98      59.90000   315.0000   314.0000   438.0000   438.0000   4167.000   
3843.577   88.2000    8.87000    62.95      59.80000   313.0000   311.0000   437.0000   436.0000   4157.000   
3843.424   87.6000    8.84000    52.97      59.60000   312.0000   309.0000   436.0000   435.0000   4148.000   
3843.272   84.9000    8.84000    54.95      59.20000   312.0000   308.0000   435.0000   433.0000   4162.000   
3843.120   80.0000    8.86000    69.98      58.40000   310.0000   307.0000   433.0000   430.0000   4152.000   
3842.967   75.1000    8.83000    107.89     58.20000   309.0000   307.0000   431.0000   428.0000   4143.000   
3842.815   74.6000    8.87000    163.68     58.90000   308.0000   305.0000   429.0000   427.0000   4152.000   
3842.663   80.7000    8.97000    184.93     60.00000   309.0000   305.0000   424.0000   423.0000   4162.000   
3842.510   88.5000    8.86000    147.91     61.00000   307.0000   304.0000   425.0000   422.0000   4157.000   
3842.358   92.6000    8.88000    82.99      61.30000   304.0000   302.0000   427.0000   426.0000   4143.000   
3842.205   93.1000    8.88000    45.92      61.10000   304.0000   301.0000   428.0000   425.0000   4138.000   
3842.053   93.6000    8.86000    43.95      61.10000   307.0000   305.0000   428.0000   426.0000   4143.000   
3841.900   96.3000    8.91000    44.98      61.50000   307.0000   306.0000   428.0000   425.0000   4143.000   
3841.748   98.8000    8.89000    41.98      62.10000   308.0000   308.0000   428.0000   427.0000   4143.000   
3841.596   99.7000    8.89000    37.93      62.50000   309.0000   310.0000   430.0000   429.0000   4148.000   
3841.443   99.3000    8.90000    34.99      62.30000   312.0000   312.0000   432.0000   432.0000   4148.000   
3841.291   98.5000    8.90000    31.99      62.20000   313.0000   312.0000   436.0000   435.0000   4152.000   
3841.139   96.3000    8.86000    29.99      62.00000   313.0000   311.0000   439.0000   439.0000   4157.000   
