Rock Code Depth1(m) RHOB GR SP DT
SILTITO 54.0 3970.0690000000004 2.615 99.0 50.2 57.7
SILTITO 54.0 3970.2209999999995 2.626 100.6 49.4 57.7
SILTITO 54.0 3970.3740000000003 2.64 106.7 49.2 58.2
SILTITO 54.0 3970.526 2.65 116.7 49.5 59.2
SILTITO 54.0 3970.679 2.652 125.6 49.0 60.7
SILTITO 54.0 3970.8309999999997 2.651 128.7 48.9 61.9
SILTITO 54.0 3970.9829999999997 2.648 124.7 49.7 62.4
SILTITO 54.0 3971.136 2.644 116.4 49.1 62.2
SILTITO 54.0 3971.288 2.636 109.7 49.0 61.2
SILTITO 54.0 3971.44 2.629 105.8 49.4 59.7
SILTITO 54.0 3971.593 2.628 102.8 48.9 58.6
SILTITO 54.0 3971.745 2.633 101.8 48.4 58.6
SILTITO 54.0 3971.8979999999997 2.636 106.7 48.5 59.5
SILTITO 54.0 3972.05 2.631 115.7 49.1 60.4
SILTITO 54.0 3972.203 2.624 119.9 49.2 60.9
SILTITO 54.0 3972.355 2.621 115.8 49.3 60.5
SILTITO 54.0 3972.507 2.623 109.3 50.3 59.8
SILTITO 54.0 3972.66 2.626 106.8 50.5 59.4
SILTITO 54.0 3972.812 2.626 108.7 50.0 59.3
SILTITO 54.0 3972.9640000000004 2.627 110.4 50.6 59.5
SILTITO 54.0 3973.117 2.632 110.6 49.8 59.3
SILTITO 54.0 3973.27 2.641 109.6 48.9 59.3
SILTITO 54.0 3973.422 2.649 108.0 48.4 58.3
SILTITO 54.0 3973.574 2.652 107.8 48.2 57.7
SILTITO 54.0 3973.7270000000003 2.652 110.6 47.9 57.7
SILTITO 54.0 3973.8790000000004 2.651 116.4 47.0 57.8
SILTITO 54.0 3974.031 2.648 122.2 46.9 58.6
SILTITO 54.0 3974.184 2.646 123.7 46.5 60.2
SILTITO 54.0 3974.336 2.642 120.4 45.6 61.7
SILTITO 54.0 3974.488 2.635 115.2 44.9 62.2
SILTITO 54.0 3974.6409999999996 2.633 110.4 44.4 61.7
SILTITO 54.0 3974.7929999999997 2.639 106.9 43.1 60.9
SILTITO 54.0 3974.946 2.65 103.3 43.0 59.5
FOLHELHO 57.0 3975.098 2.658 100.3 41.9 58.0
FOLHELHO 57.0 3975.25 2.663 100.0 40.1 57.7
FOLHELHO 57.0 3975.403 2.67 103.3 38.9 58.7
FOLHELHO 57.0 3975.555 2.675 111.0 37.5 60.0
FOLHELHO 57.0 3975.708 2.672 120.6 36.6 60.7
FOLHELHO 57.0 3975.86 2.663 128.1 35.1 60.8
FOLHELHO 57.0 3976.013 2.652 131.3 33.6 60.7
FOLHELHO 57.0 3976.165 2.642 130.9 32.7 60.4
FOLHELHO 57.0 3976.317 2.632 128.3 31.6 60.4
FOLHELHO 57.0 3976.47 2.615 122.4 30.4 60.3
FOLHELHO 57.0 3976.6220000000003 2.581 109.1 29.6 59.7
FOLHELHO 57.0 3976.7740000000003 2.536 87.7 27.2 59.5
FOLHELHO 57.0 3976.927 2.495 64.9 25.0 60.1
ARENITO 49.0 3977.079 2.471 49.3 24.1 61.3
ARENITO 49.0 3977.232 2.464 43.3 22.8 62.7
ARENITO 49.0 3977.384 2.471 42.1 21.4 63.900009999999995
ARENITO 49.0 3977.5370000000003 2.486 42.1 20.3 64.7
ARENITO 49.0 3977.6890000000003 2.499 42.9 21.0 64.7
ARENITO 49.0 3977.841 2.505 45.0 20.0 64.0
ARENITO 49.0 3977.994 2.505 47.3 19.7 63.1
ARENITO 49.0 3978.1459999999997 2.507 48.0 20.1 62.4
ARENITO 49.0 3978.298 2.516 47.3 20.1 61.3
ARENITO 49.0 3978.4509999999996 2.531 48.0 20.1 60.2
ARENITO 49.0 3978.6040000000003 2.545 51.5 21.0 60.1
ARENITO 49.0 3978.756 2.55 55.7 21.1 60.5
ARENITO 49.0 3978.908 2.544 57.5 20.8 60.4
ARENITO 49.0 3979.0609999999997 2.534 56.8 21.7 60.1
ARENITO 49.0 3979.2129999999997 2.522 55.4 22.6 60.0
ARENITO 49.0 3979.365 2.513 55.3 23.2 59.9
ARENITO 49.0 3979.518 2.511 56.7 23.9 59.8
ARENITO 49.0 3979.67 2.518 59.8 25.6 59.9
ARENITO 49.0 3979.823 2.528 64.9 26.4 60.2
ARENITO 49.0 3979.975 2.532 68.1 27.0 60.4
ARENITO 49.0 3980.127 2.523 64.8 28.5 60.3
ARENITO 49.0 3980.28 2.505 56.2 30.2 60.8
ARENITO 49.0 3980.4320000000002 2.484 48.4 31.3 62.0
ARENITO 49.0 3980.5840000000003 2.47 46.1 33.3 62.9
ARENITO 49.0 3980.737 2.474 47.3 35.7 63.1
ARENITO 49.0 3980.889 2.5 49.2 37.0 63.0
ARENITO 49.0 3981.042 2.537 52.4 39.4 63.0
ARENITO 49.0 3981.1940000000004 2.576 64.2 42.6 63.60001
ARENITO 49.0 3981.347 2.612 82.9 45.3 65.39999
ARENITO 49.0 3981.4990000000003 2.634 93.3 47.8 67.2
ARENITO 49.0 3981.651 2.634 86.3 48.8 68.2
ARENITO 49.0 3981.804 2.618 70.7 50.1 68.0
ARENITO 49.0 3981.9559999999997 2.6 62.0 50.6 66.5
ARENITO 49.0 3982.1079999999997 2.585 61.6 50.1 64.3
ARENITO 49.0 3982.261 2.573 64.2 50.6 61.5
ARENITO 49.0 3982.413 2.567 68.3 50.0 59.1
ARENITO 49.0 3982.566 2.572 73.0 49.9 57.8
ARENITO 49.0 3982.718 2.586 77.6 50.1 57.4
ARENITO 49.0 3982.8709999999996 2.605 80.5 50.2 57.3
FOLHELHO 57.0 3983.0229999999997 2.622 82.4 50.1 57.1
FOLHELHO 57.0 3983.175 2.633 82.9 50.5 56.8
FOLHELHO 57.0 3983.328 2.637 82.7 51.3 56.0
FOLHELHO 57.0 3983.48 2.636 84.8 50.4 55.2
FOLHELHO 57.0 3983.632 2.635 89.3 50.7 55.1
FOLHELHO 57.0 3983.785 2.637 93.1 50.7 55.5
FOLHELHO 57.0 3983.938 2.642 93.9 50.7 56.1
FOLHELHO 57.0 3984.09 2.642 94.2 50.6 56.5
FOLHELHO 57.0 3984.242 2.638 98.6 50.6 56.8
FOLHELHO 57.0 3984.395 2.633 106.7 51.3 57.0
FOLHELHO 57.0 3984.547 2.632 114.9 49.6 57.3
FOLHELHO 57.0 3984.699 2.63 121.6 49.3 57.7
FOLHELHO 57.0 3984.8520000000003 2.624 123.8 49.1 57.6
FOLHELHO 57.0 3985.0040000000004 2.612 118.1 48.3 57.2
FOLHELHO 57.0 3985.157 2.597 105.7 48.0 57.1
FOLHELHO 57.0 3985.309 2.588 93.4 48.1 57.6
FOLHELHO 57.0 3985.461 2.587 86.9 47.6 58.3
FOLHELHO 57.0 3985.614 2.589 85.0 47.4 58.6
FOLHELHO 57.0 3985.7659999999996 2.592 84.8 47.2 58.7
FOLHELHO 57.0 3985.9179999999997 2.595 83.7 47.1 58.8
ARENITO 49.0 3986.071 2.604 79.1 46.5 58.7
ARENITO 49.0 3986.223 2.617 71.9 46.5 58.5
ARENITO 49.0 3986.375 2.632 65.1 46.6 58.4
ARENITO 49.0 3986.528 2.644 61.2 45.4 58.2
ARENITO 49.0 3986.6809999999996 2.652 60.5 45.6 57.4
ARENITO 49.0 3986.833 2.652 62.1 45.7 56.6
ARENITO 49.0 3986.985 2.648 64.3 45.8 56.2
ARENITO 49.0 3987.138 2.644 63.9 45.6 56.1
ARENITO 49.0 3987.29 2.641 61.4 46.3 55.9
ARENITO 49.0 3987.442 2.635 60.2 45.5 55.9
ARENITO 49.0 3987.595 2.625 61.9 44.8 56.0
ARENITO 49.0 3987.748 2.613 67.6 45.3 56.2
ARENITO 49.0 3987.9 2.6 74.3 46.2 57.1
ARENITO 49.0 3988.052 2.594 75.7 46.3 58.3
ARENITO 49.0 3988.205 2.595 70.3 46.5 58.6
ARENITO 49.0 3988.357 2.597 64.2 46.7 58.0
ARENITO 49.0 3988.509 2.596 63.2 47.6 57.0
ARENITO 49.0 3988.6620000000003 2.598 65.6 47.0 56.9
ARENITO 49.0 3988.8140000000003 2.608 68.0 47.8 57.4
ARENITO 49.0 3988.966 2.626 70.1 48.5 57.8
ARENITO 49.0 3989.119 2.645 70.9 49.2 57.9
ARENITO 49.0 3989.2709999999997 2.664 69.3 49.6 58.0
ARENITO 49.0 3989.4240000000004 2.672 65.8 51.6 57.6
ARENITO 49.0 3989.5759999999996 2.666 63.7 52.3 56.7
ARENITO 49.0 3989.7290000000003 2.653 66.9 52.7 55.3
ARENITO 49.0 3989.881 2.64 77.6 54.0 54.1
FOLHELHO 57.0 3990.033 2.634 91.9 54.9 54.1
FOLHELHO 57.0 3990.1859999999997 2.636 101.6 55.3 56.0
FOLHELHO 57.0 3990.3379999999997 2.644 103.7 54.8 58.1
FOLHELHO 57.0 3990.491 2.653 103.4 55.3 58.9
FOLHELHO 57.0 3990.643 2.658 105.7 55.1 59.1
FOLHELHO 57.0 3990.795 2.654 109.6 55.1 59.4
FOLHELHO 57.0 3990.948 2.646 110.9 56.0 59.9
FOLHELHO 57.0 3991.1 2.64 110.0 55.6 60.3
FOLHELHO 57.0 3991.252 2.636 108.7 55.9 60.5
FOLHELHO 57.0 3991.405 2.635 109.3 55.7 60.3
FOLHELHO 57.0 3991.5570000000002 2.639 112.6 55.8 59.9
FOLHELHO 57.0 3991.71 2.645 116.2 54.1 59.4
FOLHELHO 57.0 3991.862 2.645 116.5 53.7 59.4
ARENITO 49.0 3992.015 2.626 112.8 53.2 60.1
ARENITO 49.0 3992.167 2.59 109.0 51.7 61.2
ARENITO 49.0 3992.3190000000004 2.556 104.6 49.9 62.0
ARENITO 49.0 3992.472 2.54 93.8 48.8 61.8
ARENITO 49.0 3992.6240000000003 2.541 74.7 47.7 61.0
ARENITO 49.0 3992.776 2.548 55.0 45.9 60.0
ARENITO 49.0 3992.929 2.553 43.8 45.6 58.9
ARENITO 49.0 3993.0820000000003 2.553 44.0 44.3 58.5
ARENITO 49.0 3993.2340000000004 2.542 51.7 42.3 58.8
ARENITO 49.0 3993.386 2.526 60.3 40.8 59.0
ARENITO 49.0 3993.539 2.513 64.3 40.3 59.0
ARENITO 49.0 3993.691 2.507 60.6 39.7 59.2
