 2.0000E+000   4.0000E+000   4.0000E+000   4.0000E+000   6.0000E+000   6.0000E+000   6.0000E+000   1.0000E+000   1.0000E+000   1.0000E+000   1.0000E+000   1.0000E+000   1.0000E+000   1.0000E+000   1.0000E+000   1.0000E+000   3.0000E+000   2.0000E+000   2.0000E+000   2.0000E+000
 2.0000E+000   2.0000E+000   2.0000E+000   6.0000E+000   6.0000E+000   6.0000E+000   6.0000E+000   6.0000E+000   1.0000E+000   1.0000E+000   1.0000E+000   1.0000E+000   1.0000E+000   1.0000E+000   1.0000E+000   1.0000E+000   1.0000E+000   2.0000E+000   2.0000E+000   2.0000E+000
 2.0000E+000   2.0000E+000   2.0000E+000   6.0000E+000   6.0000E+000   6.0000E+000   6.0000E+000   6.0000E+000   6.0000E+000   1.0000E+000   1.0000E+000   1.0000E+000   1.0000E+000   1.0000E+000   1.0000E+000   1.0000E+000   1.0000E+000   2.0000E+000   2.0000E+000   2.0000E+000
 2.0000E+000   2.0000E+000   2.0000E+000   6.0000E+000   6.0000E+000   6.0000E+000   6.0000E+000   6.0000E+000   6.0000E+000   6.0000E+000   1.0000E+000   1.0000E+000   1.0000E+000   1.0000E+000   1.0000E+000   1.0000E+000   1.0000E+000   2.0000E+000   2.0000E+000   2.0000E+000
 2.0000E+000   2.0000E+000   2.0000E+000   6.0000E+000   6.0000E+000   6.0000E+000   6.0000E+000   6.0000E+000   6.0000E+000   6.0000E+000   1.0000E+000   1.0000E+000   1.0000E+000   1.0000E+000   1.0000E+000   1.0000E+000   1.0000E+000   2.0000E+000   2.0000E+000   2.0000E+000
 2.0000E+000   2.0000E+000   2.0000E+000   6.0000E+000   6.0000E+000   6.0000E+000   6.0000E+000   6.0000E+000   6.0000E+000   6.0000E+000   6.0000E+000   1.0000E+000   1.0000E+000   1.0000E+000   1.0000E+000   1.0000E+000   1.0000E+000   2.0000E+000   2.0000E+000   2.0000E+000
 2.0000E+000   2.0000E+000   2.0000E+000   6.0000E+000   6.0000E+000   6.0000E+000   6.0000E+000   6.0000E+000   6.0000E+000   6.0000E+000   6.0000E+000   6.0000E+000   1.0000E+000   1.0000E+000   1.0000E+000   1.0000E+000   2.0000E+000   2.0000E+000   2.0000E+000   2.0000E+000
 2.0000E+000   2.0000E+000   2.0000E+000   6.0000E+000   6.0000E+000   6.0000E+000   6.0000E+000   6.0000E+000   6.0000E+000   6.0000E+000   6.0000E+000   6.0000E+000   1.0000E+000   1.0000E+000   1.0000E+000   5.0000E+000   5.0000E+000   2.0000E+000   2.0000E+000   2.0000E+000
 2.0000E+000   2.0000E+000   2.0000E+000   6.0000E+000   6.0000E+000   6.0000E+000   6.0000E+000   6.0000E+000   6.0000E+000   6.0000E+000   6.0000E+000   6.0000E+000   6.0000E+000   1.0000E+000   5.0000E+000   5.0000E+000   5.0000E+000   5.0000E+000   2.0000E+000   2.0000E+000
 7.0000E+000   7.0000E+000   6.0000E+000   6.0000E+000   6.0000E+000   6.0000E+000   6.0000E+000   6.0000E+000   6.0000E+000   6.0000E+000   6.0000E+000   6.0000E+000   6.0000E+000   5.0000E+000   5.0000E+000   5.0000E+000   5.0000E+000   5.0000E+000   5.0000E+000   7.0000E+000
 7.0000E+000   7.0000E+000   7.0000E+000   6.0000E+000   9.0000E+000   9.0000E+000   9.0000E+000   9.0000E+000   9.0000E+000   6.0000E+000   1.0000E+000   1.0000E+000   1.0000E+000   5.0000E+000   5.0000E+000   5.0000E+000   5.0000E+000   5.0000E+000   7.0000E+000   7.0000E+000
 7.0000E+000   7.0000E+000   7.0000E+000   9.0000E+000   9.0000E+000   9.0000E+000   9.0000E+000   9.0000E+000   9.0000E+000   9.0000E+000   1.0000E+000   1.0000E+000   5.0000E+000   5.0000E+000   5.0000E+000   5.0000E+000   5.0000E+000   5.0000E+000   7.0000E+000   7.0000E+000
 7.0000E+000   7.0000E+000   7.0000E+000   9.0000E+000   9.0000E+000   9.0000E+000   9.0000E+000   9.0000E+000   9.0000E+000   9.0000E+000   9.0000E+000   1.0000E+000   5.0000E+000   5.0000E+000   5.0000E+000   5.0000E+000   5.0000E+000   5.0000E+000   7.0000E+000   7.0000E+000
 7.0000E+000   7.0000E+000   7.0000E+000   9.0000E+000   9.0000E+000   9.0000E+000   9.0000E+000   9.0000E+000   9.0000E+000   9.0000E+000   9.0000E+000   8.0000E+000   8.0000E+000   5.0000E+000   5.0000E+000   5.0000E+000   5.0000E+000   5.0000E+000   7.0000E+000   7.0000E+000
 7.0000E+000   7.0000E+000   7.0000E+000   7.0000E+000   4.0000E+000   9.0000E+000   9.0000E+000   9.0000E+000   9.0000E+000   9.0000E+000   8.0000E+000   8.0000E+000   8.0000E+000   5.0000E+000   5.0000E+000   5.0000E+000   5.0000E+000   4.5400E+002   7.0000E+000   7.0000E+000
 4.0000E+000   4.0000E+000   4.0000E+000   4.0000E+000   4.0000E+000   4.0000E+000   4.0000E+000   4.0000E+000   4.0000E+000   4.0000E+000   8.0000E+000   8.0000E+000   8.0000E+000   1.0000E+000   1.0000E+000   5.0000E+000   3.0000E+000   3.0000E+000   4.0000E+000   4.0000E+000
 4.0000E+000   4.0000E+000   4.0000E+000   4.0000E+000   4.0000E+000   4.0000E+000   4.0000E+000   4.0000E+000   4.0000E+000   4.0000E+000   4.0000E+000   1.0000E+000   1.0000E+000   1.0000E+000   1.0000E+000   1.0000E+000   3.0000E+000   4.0000E+000   4.0000E+000   4.0000E+000
 4.0000E+000   4.0000E+000   4.0000E+000   4.0000E+000   4.0000E+000   4.0000E+000   4.0000E+000   4.0000E+000   4.0000E+000   4.0000E+000   1.0000E+000   1.0000E+000   1.0000E+000   1.0000E+000   1.0000E+000   1.0000E+000   3.0000E+000   3.0000E+000   4.0000E+000   4.0000E+000
 4.0000E+000   4.0000E+000   4.0000E+000   4.0000E+000   4.0000E+000   4.0000E+000   4.0000E+000   4.0000E+000   1.0000E+000   1.0000E+000   1.0000E+000   1.0000E+000   1.0000E+000   1.0000E+000   1.0000E+000   1.0000E+000   3.0000E+000   4.0000E+000   4.0000E+000   4.0000E+000
 4.0000E+000   4.0000E+000   4.0000E+000   4.0000E+000   4.0000E+000   4.0000E+000   4.0000E+000   1.0000E+000   1.0000E+000   1.0000E+000   1.0000E+000   1.0000E+000   1.0000E+000   1.0000E+000   1.0000E+000   1.0000E+000   3.0000E+000   2.0000E+000   4.0000E+000   4.0000E+000
