 3.6372E-001   3.3882E-001   2.9685E-001   3.2302E-001   4.5999E-001   4.6512E-001   4.6398E-001   4.5146E-001   3.8056E-001   3.5872E-001   3.7587E-001   4.1954E-001   4.6054E-001   5.0346E-001   5.2467E-001   7.3315E-001   8.9598E-001   6.7647E-001   3.9621E-001   3.7644E-001
 3.7589E-001   3.5335E-001   3.3275E-001   3.8347E-001   4.7161E-001   4.9299E-001   4.9060E-001   4.8375E-001   4.5729E-001   3.7817E-001   4.1786E-001   4.2788E-001   4.5047E-001   4.8170E-001   4.6621E-001   4.4053E-001   7.1549E-001   4.3216E-001   4.1582E-001   3.9861E-001
 3.9987E-001   3.7414E-001   3.4991E-001   3.9713E-001   4.6395E-001   4.8127E-001   5.0445E-001   5.0061E-001   5.1553E-001   4.9053E-001   4.6976E-001   4.6211E-001   4.6332E-001   4.3927E-001   4.1328E-001   4.1476E-001   4.2343E-001   4.5600E-001   4.3842E-001   4.2318E-001
 4.2464E-001   3.9520E-001   3.6856E-001   3.8514E-001   4.3757E-001   4.5489E-001   4.8417E-001   5.1327E-001   5.4258E-001   5.8598E-001   5.2202E-001   4.7937E-001   4.6505E-001   4.4096E-001   4.2147E-001   4.2618E-001   4.6680E-001   4.8837E-001   4.6541E-001   4.4570E-001
 4.4615E-001   4.1578E-001   3.9328E-001   4.1296E-001   4.6027E-001   4.8339E-001   5.4942E-001   5.6281E-001   5.8226E-001   5.8275E-001   5.7514E-001   5.0147E-001   4.7210E-001   4.5125E-001   4.4595E-001   4.6202E-001   5.0284E-001   5.1522E-001   4.9787E-001   4.6795E-001
 4.6687E-001   4.3875E-001   4.1225E-001   4.5072E-001   5.0325E-001   5.4198E-001   5.9523E-001   6.0843E-001   6.0879E-001   6.1318E-001   5.9851E-001   5.4315E-001   4.8807E-001   4.7900E-001   4.7536E-001   4.8582E-001   5.2854E-001   5.5602E-001   5.2372E-001   4.9443E-001
 4.7558E-001   4.5066E-001   4.3036E-001   4.8374E-001   5.6202E-001   5.7379E-001   5.9323E-001   6.0430E-001   6.1071E-001   5.9619E-001   5.7692E-001   5.3752E-001   5.1269E-001   5.1682E-001   4.8953E-001   6.8770E-001   7.1680E-001   5.8836E-001   5.6084E-001   5.0936E-001
 4.7745E-001   4.5249E-001   4.3270E-001   5.4400E-001   6.1608E-001   6.0517E-001   5.9051E-001   5.9938E-001   6.0780E-001   5.7769E-001   5.6107E-001   5.4907E-001   5.8202E-001   5.4973E-001   7.6307E-001   9.1004E-001   8.9914E-001   7.1576E-001   5.3329E-001   5.0792E-001
 4.7546E-001   4.4949E-001   4.3092E-001   4.8879E-001   5.7347E-001   5.5526E-001   5.6210E-001   5.8159E-001   5.7561E-001   5.6030E-001   5.5401E-001   5.8418E-001   6.0301E-001   7.1850E-001   8.4448E-001   8.6443E-001   8.4185E-001   8.1192E-001   6.7719E-001   4.9111E-001
 3.2662E-001   2.2885E-001   4.6669E-001   5.1647E-001   5.0086E-001   4.9550E-001   5.1213E-001   5.4005E-001   5.4664E-001   5.3358E-001   5.0242E-001   5.5325E-001   6.6903E-001   7.7993E-001   8.0662E-001   8.0966E-001   8.0870E-001   7.8849E-001   7.8352E-001   4.1121E-001
 1.1467E-001   8.7121E-002   1.3402E-001   5.3785E-001   4.6599E-001   3.5962E-001   3.3791E-001   3.0997E-001   3.0481E-001   4.8484E-001   4.6780E-001   4.9146E-001   5.9858E-001   7.4052E-001   7.6877E-001   7.7512E-001   7.7243E-001   7.5055E-001   5.0822E-001   1.4056E-001
 8.2947E-002   5.9488E-002   2.9627E-002   1.9514E-001   3.1520E-001   2.8431E-001   2.4558E-001   2.0981E-001   1.8551E-001   2.4446E-001   4.2108E-001   4.5931E-001   6.4875E-001   7.3213E-001   7.3712E-001   7.4377E-001   7.3467E-001   7.2689E-001   3.9923E-001   1.1390E-001
 5.5722E-002   3.2102E-002   1.1012E-002   1.0325E-001   3.1022E-001   2.7411E-001   2.3438E-001   2.0115E-001   1.6602E-001   1.3111E-001   2.8326E-001   6.3182E-001   7.0852E-001   7.0364E-001   6.9766E-001   7.0354E-001   7.0353E-001   6.8184E-001   2.5926E-001   7.0436E-002
 2.4517E-002   7.1439E-004  -1.3079E-002   2.3024E-002   2.9409E-001   2.6661E-001   2.3027E-001   1.9302E-001   1.5080E-001   1.3105E-001   3.9416E-001   6.9424E-001   6.8764E-001   6.5147E-001   6.5907E-001   6.6782E-001   6.5130E-001   5.9848E-001   2.8668E-001   3.8869E-002
-3.5091E-003  -2.1294E-002  -4.0567E-002  -6.9172E-002   1.4811E-001   2.5345E-001   2.2535E-001   1.8792E-001   1.6119E-001   2.2935E-001   6.2759E-001   6.6950E-001   6.4777E-001   6.2024E-001   6.1365E-001   6.3528E-001   5.5839E-001   5.1106E-001   2.7489E-001   1.9239E-002
 4.6036E-002   3.8501E-002   6.5365E-002   1.1029E-001   2.0216E-001   2.3066E-001   2.4478E-001   2.5103E-001   2.2930E-001   3.9230E-001   6.1158E-001   6.5455E-001   6.5871E-001   5.9222E-001   5.4533E-001   5.9825E-001   5.5910E-001   4.4823E-001   3.4584E-001   1.8734E-001
 9.7739E-002   1.1552E-001   1.5399E-001   1.7421E-001   2.0141E-001   2.3591E-001   2.5790E-001   2.7472E-001   3.0244E-001   3.3101E-001   3.8033E-001   5.0184E-001   5.1556E-001   4.5092E-001   4.7084E-001   5.7217E-001   6.7767E-001   5.1808E-001   2.9470E-001   1.4475E-001
 1.1028E-001   1.3235E-001   1.5912E-001   1.8220E-001   2.0144E-001   2.2467E-001   2.4851E-001   2.6748E-001   3.2166E-001   3.3491E-001   3.1028E-001   3.4800E-001   3.9410E-001   4.4356E-001   4.7430E-001   7.0928E-001   7.6905E-001   7.2295E-001   4.1544E-001   1.5593E-001
 1.4733E-001   1.4739E-001   1.8146E-001   1.9515E-001   2.0467E-001   2.2104E-001   2.4000E-001   3.2308E-001   3.7871E-001   3.5035E-001   3.2773E-001   3.5978E-001   4.2116E-001   4.7094E-001   4.9964E-001   7.3587E-001   8.2184E-001   7.3863E-001   2.3701E-001   1.8066E-001
 2.5619E-001   2.5027E-001   2.2351E-001   2.0941E-001   2.7173E-001   2.8599E-001   3.7252E-001   4.1376E-001   3.8578E-001   3.6291E-001   3.5720E-001   3.9974E-001   4.4846E-001   4.9034E-001   5.0617E-001   7.3845E-001   8.6289E-001   8.0498E-001   3.4934E-001   2.7993E-001
