 4.7145E-001   4.4738E-001   4.0050E-001   2.9315E-001   2.7532E-001   2.5517E-001   2.4022E-001   2.1795E-001   3.1038E-001   2.5156E-001   4.1976E-001   4.0331E-001   3.8449E-001   3.8093E-001   3.9843E-001   4.4238E-001   4.7380E-001   4.8754E-001   4.9402E-001   4.8731E-001
 4.6113E-001   4.5630E-001   4.6852E-001   4.2230E-001   3.7625E-001   3.1452E-001   2.5412E-001   3.4434E-001   5.3283E-001   5.1812E-001   4.5898E-001   4.3774E-001   4.2742E-001   3.9953E-001   4.0309E-001   4.2101E-001   4.6035E-001   4.7441E-001   4.7938E-001   4.7176E-001
 4.6875E-001   4.7949E-001   4.9778E-001   4.8311E-001   4.8806E-001   4.4044E-001   4.0219E-001   6.2343E-001   5.3529E-001   5.1169E-001   4.9162E-001   4.6873E-001   4.6600E-001   4.5760E-001   4.3950E-001   4.3115E-001   4.5968E-001   4.9460E-001   5.2010E-001   4.7842E-001
 4.9034E-001   5.4526E-001   5.6209E-001   5.5688E-001   5.2990E-001   5.4190E-001   6.3458E-001   6.7157E-001   5.8542E-001   5.2014E-001   4.9140E-001   4.9500E-001   4.9271E-001   4.9397E-001   4.7998E-001   4.5609E-001   4.7865E-001   5.3450E-001   5.5096E-001   5.3003E-001
 5.0137E-001   5.2922E-001   5.7525E-001   6.0800E-001   5.9826E-001   6.2767E-001   6.3767E-001   6.9760E-001   6.1737E-001   5.1043E-001   5.1076E-001   5.0584E-001   5.0054E-001   5.0764E-001   4.9467E-001   4.6586E-001   4.8904E-001   5.1530E-001   5.2085E-001   4.7771E-001
 4.8274E-001   5.0871E-001   5.3628E-001   5.8022E-001   5.8298E-001   6.0508E-001   6.6199E-001   7.0484E-001   6.1113E-001   5.1234E-001   5.0247E-001   5.1384E-001   5.1696E-001   5.3159E-001   5.4837E-001   5.4352E-001   5.5641E-001   5.0473E-001   4.4196E-001   4.6286E-001
 4.6550E-001   4.8937E-001   5.1363E-001   5.3652E-001   5.5292E-001   5.4119E-001   5.4221E-001   6.6729E-001   5.9259E-001   5.4491E-001   5.2223E-001   5.3604E-001   5.4316E-001   5.6573E-001   5.9818E-001   6.1350E-001   6.0857E-001   5.0336E-001   4.1840E-001   4.3959E-001
 4.4598E-001   4.6906E-001   4.8914E-001   5.1580E-001   5.2284E-001   5.1460E-001   5.0601E-001   5.4190E-001   5.9089E-001   5.5927E-001   5.5082E-001   5.6497E-001   5.7915E-001   6.0716E-001   6.2713E-001   6.2287E-001   6.0445E-001   4.8842E-001   3.9215E-001   4.1450E-001
 4.2712E-001   4.5551E-001   4.6879E-001   4.8634E-001   4.9688E-001   4.9046E-001   4.8996E-001   5.1347E-001   5.9498E-001   5.8580E-001   5.8840E-001   5.9761E-001   6.0033E-001   6.2279E-001   6.4440E-001   6.2573E-001   6.0860E-001   4.2967E-001   3.7883E-001   3.9900E-001
 4.1831E-001   4.4029E-001   4.5280E-001   4.6400E-001   4.7652E-001   4.7196E-001   4.6756E-001   5.1892E-001   5.7346E-001   5.7698E-001   5.7909E-001   5.8527E-001   6.0191E-001   6.2355E-001   6.2764E-001   6.2477E-001   6.1899E-001   4.2699E-001   3.7157E-001   3.8828E-001
 4.1324E-001   4.3275E-001   4.3327E-001   4.4477E-001   3.2316E-001   2.8426E-001   1.8687E-001   1.8114E-001   5.4147E-001   5.1552E-001   5.1372E-001   5.2472E-001   5.5814E-001   6.0742E-001   5.9599E-001   6.1047E-001   6.2678E-001   6.6771E-001   4.1635E-001   3.9731E-001
 7.7284E-001   5.4653E-001   4.2623E-001   2.9484E-001   1.3950E-001   1.1403E-001   8.3632E-002   6.8074E-002   1.5774E-001   4.6985E-001   4.6431E-001   4.7844E-001   5.1323E-001   5.5116E-001   5.7120E-001   5.8385E-001   7.6524E-001   8.2972E-001   7.0729E-001   7.8115E-001
 8.3330E-001   7.7645E-001   4.8735E-001   2.0359E-001   1.5778E-001   1.2255E-001   9.0358E-002   5.0955E-002   2.1571E-002   2.3042E-001   4.5095E-001   4.6262E-001   4.9803E-001   5.2204E-001   5.4278E-001   7.5691E-001   8.6322E-001   8.4654E-001   8.4849E-001   8.5846E-001
 7.8164E-001   7.2082E-001   5.0429E-001   2.0422E-001   1.6448E-001   1.2955E-001   9.7966E-002   6.6351E-002   9.1936E-002   3.1530E-001   3.5750E-001   3.8675E-001   4.1945E-001   4.4614E-001   7.1668E-001   7.8865E-001   8.1665E-001   8.0705E-001   7.9184E-001   8.2410E-001
 6.7863E-001   6.3091E-001   5.2813E-001   2.5021E-001   1.5803E-001   1.2985E-001   9.5068E-002   6.9191E-002   1.6972E-001   3.0793E-001   3.1026E-001   3.2511E-001   3.4496E-001   3.5330E-001   6.3546E-001   7.6488E-001   7.6531E-001   7.6967E-001   7.5631E-001   7.3418E-001
 5.6254E-001   5.1049E-001   4.1210E-001   3.6773E-001   2.4929E-001   1.7510E-001   1.1274E-001   1.1835E-001   2.4362E-001   2.6399E-001   2.8020E-001   2.9228E-001   3.0885E-001   3.1736E-001   5.4674E-001   7.3381E-001   7.3808E-001   7.2906E-001   7.2571E-001   6.8017E-001
 5.6959E-001   4.4066E-001   3.7559E-001   3.2532E-001   2.7329E-001   2.5283E-001   2.0445E-001   2.2026E-001   2.2896E-001   2.3199E-001   2.3424E-001   2.5064E-001   2.6013E-001   2.7325E-001   4.6402E-001   6.8872E-001   7.0841E-001   6.9753E-001   6.7671E-001   6.4451E-001
 4.5916E-001   3.7569E-001   3.4196E-001   3.1278E-001   2.8512E-001   2.5700E-001   2.3352E-001   2.1728E-001   2.0246E-001   1.9378E-001   2.0637E-001   2.1021E-001   2.2269E-001   2.3468E-001   4.7111E-001   6.6273E-001   6.6758E-001   6.5948E-001   6.4055E-001   6.0561E-001
 5.5363E-001   3.6935E-001   3.2278E-001   3.0743E-001   2.8245E-001   2.5724E-001   2.3525E-001   2.1132E-001   1.9306E-001   1.7025E-001   1.8246E-001   2.7661E-001   2.5837E-001   3.2071E-001   3.9824E-001   5.4369E-001   5.9694E-001   6.0082E-001   5.9316E-001   5.7296E-001
 4.9719E-001   4.5684E-001   3.3110E-001   2.9655E-001   2.7548E-001   2.5555E-001   2.3837E-001   2.1399E-001   1.7771E-001   1.5217E-001   2.3820E-001   3.7086E-001   3.6505E-001   3.6155E-001   3.9374E-001   4.3117E-001   4.8227E-001   5.0622E-001   5.2001E-001   5.3632E-001
