 4.6683E-001   5.1068E-001   7.0742E-001   8.0756E-001   7.6013E-001   7.1807E-001   6.8393E-001   6.5236E-001   6.5650E-001   7.5578E-001   5.4701E-001   4.9636E-001   4.5818E-001   4.1384E-001   3.8972E-001   4.3910E-001   4.9548E-001   4.6113E-001   4.0805E-001   4.1046E-001
 5.1272E-001   5.3298E-001   7.5788E-001   8.1226E-001   7.5377E-001   7.1295E-001   6.7342E-001   6.5040E-001   6.5123E-001   6.3439E-001   5.3843E-001   5.0713E-001   4.7369E-001   4.3451E-001   3.9834E-001   4.8625E-001   5.3514E-001   5.2463E-001   5.0282E-001   4.8493E-001
 5.0829E-001   5.1571E-001   6.0663E-001   7.8405E-001   7.4143E-001   6.9457E-001   6.4981E-001   6.1543E-001   6.1231E-001   5.5798E-001   4.8970E-001   4.8418E-001   4.5973E-001   4.3886E-001   3.9864E-001   4.6333E-001   5.3675E-001   5.4214E-001   5.3117E-001   5.0860E-001
 4.6599E-001   4.7259E-001   4.4347E-001   6.5586E-001   5.1218E-001   4.6916E-001   4.6281E-001   5.4014E-001   5.6789E-001   4.7895E-001   4.4000E-001   4.2290E-001   4.1653E-001   3.9473E-001   3.6726E-001   4.4416E-001   5.3435E-001   5.4216E-001   5.2577E-001   4.8939E-001
 4.5065E-001   4.3072E-001   4.2799E-001   2.6803E-001   1.6901E-001   2.1333E-001   2.4027E-001   2.9763E-001   4.1035E-001   4.2674E-001   4.1060E-001   3.9290E-001   3.7970E-001   3.5937E-001   3.3684E-001   4.0924E-001   5.2617E-001   5.3185E-001   5.1801E-001   4.8635E-001
 4.7030E-001   4.3430E-001   4.0987E-001   2.1451E-001   1.4356E-001   1.7321E-001   2.0893E-001   2.2346E-001   2.2659E-001   3.3388E-001   3.7695E-001   3.6161E-001   3.5054E-001   3.3300E-001   3.0393E-001   4.0787E-001   5.0912E-001   5.1359E-001   5.2857E-001   5.1865E-001
 5.0059E-001   4.0628E-001   3.8206E-001   3.7342E-001   1.5287E-001   1.3546E-001   1.6095E-001   1.8617E-001   1.9212E-001   2.1934E-001   2.4963E-001   3.2445E-001   3.2635E-001   3.0849E-001   2.9260E-001   3.2127E-001   5.2715E-001   5.2335E-001   5.3673E-001   5.5396E-001
 4.2051E-001   3.3228E-001   3.3343E-001   3.6300E-001   2.5059E-001   1.0564E-001   1.1989E-001   1.3673E-001   1.5557E-001   9.6083E-002   8.1692E-002   1.7730E-001   2.4852E-001   3.0410E-001   3.5181E-001   5.7898E-001   6.0384E-001   5.4571E-001   5.0637E-001   4.9955E-001
 3.8188E-001   3.3015E-001   3.3363E-001   3.9970E-001   4.4499E-001   2.5739E-001   2.0754E-001   2.1250E-001   7.4273E-002   4.8106E-002   7.1586E-002   1.1717E-001   1.4561E-001   2.6970E-001   5.8268E-001   6.0299E-001   6.1468E-001   5.5801E-001   4.5114E-001   4.4621E-001
 3.8385E-001   3.5361E-001   3.7801E-001   4.2962E-001   4.3516E-001   3.8641E-001   3.5207E-001   3.6785E-001   1.9172E-001   7.2419E-002   9.5082E-002   1.1120E-001   1.3824E-001   3.2941E-001   5.8647E-001   5.8726E-001   6.1488E-001   4.8090E-001   4.0813E-001   4.1379E-001
 3.8450E-001   3.6195E-001   3.8569E-001   4.2408E-001   4.3039E-001   4.0558E-001   3.9264E-001   4.0842E-001   3.0260E-001   1.1783E-001   1.1301E-001   1.3348E-001   1.3952E-001   2.2032E-001   6.1527E-001   2.5967E-001   1.9261E-001   4.5317E-002   3.9813E-001   4.0666E-001
 3.6103E-001   3.3741E-001   3.5408E-001   4.1278E-001   4.3594E-001   4.2240E-001   4.0582E-001   4.3989E-001   2.3849E-001   1.5110E-001   1.4545E-001   1.5455E-001   1.4798E-001   1.3595E-001   1.5725E-001  -4.6155E-002  -8.1671E-002  -9.1262E-002   1.1541E-001   3.8934E-001
 3.1512E-001   3.0240E-001   3.3114E-001   4.0397E-001   4.5308E-001   4.3804E-001   4.2853E-001   4.4722E-001   3.1452E-001   1.8549E-001   1.7847E-001   1.7407E-001   1.6520E-001   1.4633E-001   4.1009E-002  -2.7674E-002  -4.0793E-002  -6.6552E-002   4.2771E-002   3.4896E-001
 3.0470E-001   3.1511E-001   3.5401E-001   4.2286E-001   4.4661E-001   4.3863E-001   4.0777E-001   4.3354E-001   3.0607E-001   2.1279E-001   2.1133E-001   1.9454E-001   1.8993E-001   1.6404E-001   6.8875E-002   4.1827E-003  -1.5828E-002  -3.4113E-002  -3.5140E-002   1.5148E-001
 3.7638E-001   3.2876E-001   3.6393E-001   4.1793E-001   4.4538E-001   4.1948E-001   4.0450E-001   3.6396E-001   2.5182E-001   2.3959E-001   2.3141E-001   2.1955E-001   2.0898E-001   1.4415E-001   7.8349E-002   3.6186E-002   1.4001E-002  -4.4764E-003  -2.3970E-002   1.7279E-001
 4.3900E-001   4.0024E-001   4.1611E-001   4.6492E-001   4.5607E-001   4.5229E-001   3.6381E-001   3.1580E-001   2.8440E-001   2.6104E-001   2.5945E-001   2.5896E-001   2.6838E-001   2.0673E-001   9.3524E-002   6.8645E-002   3.0608E-002   1.6403E-002   1.2434E-001   4.1577E-001
 4.1464E-001   4.8107E-001   4.6125E-001   4.9740E-001   4.9887E-001   4.8378E-001   4.4038E-001   4.3315E-001   5.0017E-001   4.6732E-001   3.1492E-001   3.6860E-001   3.6166E-001   3.6230E-001   1.9139E-001   6.7447E-002   1.3081E-001   2.2321E-001   4.2920E-001   3.9205E-001
 4.7303E-001   5.3148E-001   5.0020E-001   6.4657E-001   6.3356E-001   5.7784E-001   5.3285E-001   5.8604E-001   6.8727E-001   7.3465E-001   5.2019E-001   4.2631E-001   3.9951E-001   3.7195E-001   3.6526E-001   2.3329E-001   5.2729E-001   5.0515E-001   4.9234E-001   4.2710E-001
 4.4911E-001   5.0138E-001   6.3332E-001   7.9885E-001   7.3266E-001   6.6161E-001   6.4315E-001   6.6797E-001   7.4406E-001   7.9552E-001   6.8582E-001   4.4718E-001   4.2077E-001   3.8845E-001   3.7261E-001   4.1611E-001   4.7977E-001   4.7378E-001   4.4754E-001   4.1349E-001
 4.3940E-001   4.9339E-001   6.5373E-001   8.0045E-001   7.4770E-001   7.0689E-001   6.7846E-001   6.4646E-001   7.5832E-001   8.2359E-001   6.9576E-001   4.6427E-001   4.3585E-001   4.0288E-001   3.8489E-001   4.2336E-001   4.6827E-001   4.3041E-001   3.9300E-001   3.9631E-001
